{"seconds": 4, "camera_type": "perspective", "render_height": 64.0, "render_width": 64.0, "camera_path": [{"camera_to_world": [0.9997292757034302, 0.0005031133187003434, 0.02326229400932789, 0.10022573173046112, 9.725378731673118e-06, 0.9997570514678955, -0.022040553390979767, -0.09496185183525085, -0.023267732933163643, 0.022034812718629837, 0.9994863867759705, -1.7787278594472156e-10, 0.0, 0.0, 0.0, 1.0], "fov": 49.75702473940419, "aspect": 1}, {"camera_to_world": [0.9988526701927185, 0.00033674942096695304, 0.04788803309202194, 0.20646251738071442, 2.001659231609665e-05, 0.9999722242355347, -0.007449328899383545, -0.032116733491420746, -0.047889214009046555, 0.007441740483045578, 0.998824954032898, -6.015775377843369e-11, 0.0, 0.0, 0.0, 1.0], "fov": 49.75702473940419, "aspect": 1}, {"camera_to_world": [0.9975402355194092, 0.0008086976013146341, 0.07009197026491165, 0.30260246992111206, 2.9298782465048134e-05, 0.9999285340309143, -0.011953816749155521, -0.05160725861787796, -0.07009662687778473, 0.011926465667784214, 0.997468888759613, -9.666541178621202e-11, 0.0, 0.0, 0.0, 1.0], "fov": 49.75702473940419, "aspect": 1}, {"camera_to_world": [0.9989437460899353, -0.0013003137428313494, 0.045931555330753326, 0.1980808675289154, 1.920602699101437e-05, 0.9996112585067749, 0.027881106361746788, 0.12023790180683136, -0.04594995081424713, -0.02785077504813671, 0.9985554218292236, 2.2521733089586604e-10, 0.0, 0.0, 0.0, 1.0], "fov": 49.75702473940419, "aspect": 1}, {"camera_to_world": [0.9963979125022888, -0.0018462458392605186, 0.08478086441755295, 0.36649465560913086, 3.5444856621325016e-05, 0.9997719526290894, 0.021355144679546356, 0.09231500327587128, -0.08480095863342285, -0.021275216713547707, 0.9961707592010498, 1.7291501563931888e-10, 0.0, 0.0, 0.0, 1.0], "fov": 49.75702473940419, "aspect": 1}, {"camera_to_world": [0.9992986917495728, 0.0001279229181818664, -0.03744426742196083, -0.16135987639427185, -1.5650935893063433e-05, 0.9999955296516418, 0.002998653333634138, 0.012922198511660099, 0.03744448348879814, -0.0029959643725305796, 0.9992942214012146, 2.4204555026940966e-11, 0.0, 0.0, 0.0, 1.0], "fov": 49.75702473940419, "aspect": 1}, {"camera_to_world": [0.9999946355819702, 8.585365867475048e-05, -0.003278276650235057, -0.014121981337666512, -1.3707141306440462e-06, 0.9996681213378906, 0.025761844590306282, 0.110975481569767, 0.003279400523751974, -0.02576170116662979, 0.9996627569198608, 2.0786790344562434e-10, 0.0, 0.0, 0.0, 1.0], "fov": 49.75702473940419, "aspect": 1}, {"camera_to_world": [0.9959375262260437, -0.0024903835728764534, 0.09001269191503525, 0.3893465995788574, 3.763763379538432e-05, 0.9996289014816284, 0.027240321040153503, 0.11782701313495636, -0.09004712849855423, -0.027126269415020943, 0.995568037033081, 2.207014848654154e-10, 0.0, 0.0, 0.0, 1.0], "fov": 49.75702473940419, "aspect": 1}, {"camera_to_world": [0.9979038834571838, -0.0008714554714970291, 0.06470802426338196, 0.2792608141899109, 2.7048921765526757e-05, 0.9999148845672607, 0.013049216940999031, 0.05631658062338829, -0.06471388787031174, -0.013020113110542297, 0.9978188872337341, 1.0548645984487237e-10, 0.0, 0.0, 0.0, 1.0], "fov": 49.75702473940419, "aspect": 1}, {"camera_to_world": [0.9999956488609314, 1.0908953299804125e-05, -0.0029457753989845514, -0.012685494497418404, -1.2312749504417297e-06, 0.9999945759773254, 0.003285255515947938, 0.014147409237921238, 0.0029457954224199057, -0.0032852375879883766, 0.9999902844429016, 2.6499493571696675e-11, 0.0, 0.0, 0.0, 1.0], "fov": 49.75702473940419, "aspect": 1}, {"camera_to_world": [0.9966001510620117, 0.0008103097788989544, -0.0823860764503479, -0.3560046851634979, -3.443715468165465e-05, 0.9999556541442871, 0.009418505243957043, 0.04069901257753372, 0.08239005506038666, -0.00938364677131176, 0.9965559840202332, 7.623323500238754e-11, 0.0, 0.0, 0.0, 1.0], "fov": 49.75702473940419, "aspect": 1}, {"camera_to_world": [0.9998485445976257, -0.00025584266404621303, -0.017402242869138718, -0.07495907694101334, -7.274524250533432e-06, 0.9998857378959656, -0.015117984265089035, -0.06511977314949036, 0.01740412227809429, 0.015115820802748203, 0.9997342824935913, -1.219756656789528e-10, 0.0, 0.0, 0.0, 1.0], "fov": 49.75702473940419, "aspect": 1}, {"camera_to_world": [0.998559296131134, 0.0013183049159124494, 0.05364355072379112, 0.23141038417816162, 2.2428541342378594e-05, 0.9996878504753113, -0.02498510293662548, -0.10778205841779709, -0.05365974083542824, 0.024950308725237846, 0.998247504234314, -2.0188628546691234e-10, 0.0, 0.0, 0.0, 1.0], "fov": 49.75702473940419, "aspect": 1}, {"camera_to_world": [0.9996665120124817, 0.00020033767214044929, 0.025822903960943222, 0.11124180257320404, 1.0793705769174267e-05, 0.999966561794281, -0.008175729773938656, -0.035220012068748474, -0.025823678821325302, 0.008173281326889992, 0.9996330738067627, -6.597049295731239e-11, 0.0, 0.0, 0.0, 1.0], "fov": 49.75702473940419, "aspect": 1}, {"camera_to_world": [0.9998748302459717, -0.00023798574693500996, 0.015818873420357704, 0.06813651323318481, 6.6126735873695e-06, 0.999893069267273, 0.014624838717281818, 0.06299345940351486, -0.015820661559700966, -0.014622903428971767, 0.9997678995132446, 1.1799290711156374e-10, 0.0, 0.0, 0.0, 1.0], "fov": 49.75702473940419, "aspect": 1}, {"camera_to_world": [0.9966070652008057, 0.0018524513579905033, -0.08228544145822525, -0.3556383550167084, -3.440213913563639e-05, 0.9997559785842896, 0.02209034562110901, 0.09547465294599533, 0.08230628818273544, -0.022012563422322273, 0.9963639378547668, 1.7883333702783943e-10, 0.0, 0.0, 0.0, 1.0], "fov": 49.75702473940419, "aspect": 1}, {"camera_to_world": [0.9999815821647644, 0.000151060099597089, -0.006064381916075945, -0.02612331509590149, -2.5355586785735795e-06, 0.9997002482414246, 0.024483833461999893, 0.10546810925006866, 0.0060662622563540936, -0.024483365938067436, 0.999681830406189, 1.9755207192329038e-10, 0.0, 0.0, 0.0, 1.0], "fov": 49.75702473940419, "aspect": 1}, {"camera_to_world": [0.9981075525283813, 0.0013778060674667358, -0.061476707458496094, -0.2653028070926666, -2.570230390119832e-05, 0.9997581839561462, 0.0219891294836998, 0.09489411115646362, 0.06149214133620262, -0.021945936605334282, 0.9978662729263306, 1.7774594296415813e-10, 0.0, 0.0, 0.0, 1.0], "fov": 49.75702473940419, "aspect": 1}, {"camera_to_world": [0.9983106851577759, 0.0014442462706938386, -0.058083824813365936, -0.2506240904331207, -2.4285207473440096e-05, 0.9997013211250305, 0.024440033361315727, 0.10545554012060165, 0.058101773262023926, -0.024397335946559906, 0.9980124831199646, 1.9752852131738052e-10, 0.0, 0.0, 0.0, 1.0], "fov": 49.75702473940419, "aspect": 1}, {"camera_to_world": [0.9998423457145691, 0.00025747594190761447, 0.017755066975951195, 0.07647908478975296, 7.421990176226245e-06, 0.9998887181282043, -0.014917888678610325, -0.06425808370113373, -0.017756931483745575, 0.014915668405592442, 0.9997310638427734, -1.2036163732354055e-10, 0.0, 0.0, 0.0, 1.0], "fov": 49.75702473940419, "aspect": 1}, {"camera_to_world": [0.9998432993888855, 0.00047399522736668587, 0.017695385962724686, 0.07624165713787079, 7.398917659884319e-06, 0.9996301531791687, -0.02719452977180481, -0.11716929823160172, -0.017701731994748116, 0.027190400287508965, 0.999473512172699, -2.194694981305645e-10, 0.0, 0.0, 0.0, 1.0], "fov": 49.75702473940419, "aspect": 1}, {"camera_to_world": [0.998387336730957, -0.0003597553295549005, 0.05676745995879173, 0.24485646188259125, 2.3727970983600244e-05, 0.999982476234436, 0.005919928662478924, 0.02553457021713257, -0.056768596172332764, -0.0059090349823236465, 0.9983698725700378, 4.782875831499389e-11, 0.0, 0.0, 0.0, 1.0], "fov": 49.75702473940419, "aspect": 1}, {"camera_to_world": [0.9996307492256165, 0.0006669700378552079, 0.027164287865161896, 0.11705707013607025, 1.1357470611983445e-05, 0.9996883869171143, -0.024963492527604103, -0.10757334530353546, -0.027172472327947617, 0.02495458349585533, 0.9993192553520203, -2.014953343065784e-10, 0.0, 0.0, 0.0, 1.0], "fov": 49.75702473940419, "aspect": 1}, {"camera_to_world": [0.9999368786811829, 0.0002706933591980487, 0.01122980285435915, 0.0483764111995697, 4.695163170254091e-06, 0.9996994733810425, -0.02451573684811592, -0.10561034828424454, -0.011233063414692879, 0.024514243006706238, 0.9996363520622253, -1.9781845606026138e-10, 0.0, 0.0, 0.0, 1.0], "fov": 49.75702473940419, "aspect": 1}, {"camera_to_world": [0.999448835849762, -0.0004516135377343744, -0.03319359943270683, -0.14303426444530487, -1.3875446711608674e-05, 0.9999017119407654, -0.014021887443959713, -0.060421597212553024, 0.033196669071912766, 0.014014620333909988, 0.9993505477905273, -1.1317552450762491e-10, 0.0, 0.0, 0.0, 1.0], "fov": 49.75702473940419, "aspect": 1}, {"camera_to_world": [0.9959891438484192, -0.0023840845096856356, 0.08944229781627655, 0.3868488371372223, 3.7398101994767785e-05, 0.9996559619903564, 0.026229383423924446, 0.11344528198242188, -0.08947405219078064, -0.026120835915207863, 0.995646595954895, 2.124940778891471e-10, 0.0, 0.0, 0.0, 1.0], "fov": 49.75702473940419, "aspect": 1}, {"camera_to_world": [0.9998974204063416, 0.0001878909970400855, 0.014321860857307911, 0.06168610602617264, 5.986723863316001e-06, 0.9999083876609802, -0.013535943813621998, -0.058301061391830444, -0.014323092065751553, 0.01353464089334011, 0.9998058080673218, -1.0920355592025643e-10, 0.0, 0.0, 0.0, 1.0], "fov": 49.75702473940419, "aspect": 1}, {"camera_to_world": [0.9990768432617188, -0.001013249740935862, 0.042946264147758484, 0.18515977263450623, 1.795554817363154e-05, 0.9997315406799316, 0.023169390857219696, 0.09989318996667862, -0.04295821115374565, -0.023147230967879295, 0.9988086819648743, 1.8710968885393697e-10, 0.0, 0.0, 0.0, 1.0], "fov": 49.75702473940419, "aspect": 1}, {"camera_to_world": [0.999215304851532, 3.977360393037088e-05, -0.039608150720596313, -0.17069827020168304, -1.655530468269717e-05, 0.9999998211860657, 0.0005865278653800488, 0.002527743112295866, 0.03960816562175751, -0.0005854118498973548, 0.9992151260375977, 4.73472736711722e-12, 0.0, 0.0, 0.0, 1.0], "fov": 49.75702473940419, "aspect": 1}, {"camera_to_world": [0.9980403780937195, 0.0013281020801514387, -0.0625593289732933, -0.26998621225357056, -2.6154255465371534e-05, 0.9997835159301758, 0.020807631313800812, 0.08979912847280502, 0.06257342547178268, -0.020765220746397972, 0.9978243112564087, 1.6820254911120713e-10, 0.0, 0.0, 0.0, 1.0], "fov": 49.75702473940419, "aspect": 1}, {"camera_to_world": [0.9959786534309387, -0.0010763927130028605, -0.08958427608013153, -0.3873636722564697, -3.7446872738655657e-05, 0.9999227523803711, -0.012430818751454353, -0.05375104025006294, 0.08959072828292847, 0.012384184636175632, 0.9959016442298889, -1.0068091499393361e-10, 0.0, 0.0, 0.0, 1.0], "fov": 49.75702473940419, "aspect": 1}, {"camera_to_world": [0.9979339241981506, -0.0003883879107888788, 0.06424706429243088, 0.27724385261535645, 2.6854288080357946e-05, 0.9999841451644897, 0.005628007464110851, 0.024286407977342606, -0.0642482340335846, -0.005614654626697302, 0.9979181289672852, 4.549082638360957e-11, 0.0, 0.0, 0.0, 1.0], "fov": 49.75702473940419, "aspect": 1}, {"camera_to_world": [0.9993599653244019, 0.0006357238162308931, 0.035767365247011185, 0.1541489064693451, 1.4952298442949541e-05, 0.9998345971107483, -0.018188685178756714, -0.07838894426822662, -0.03577301278710365, 0.01817757822573185, 0.9991946220397949, -1.468301036311459e-10, 0.0, 0.0, 0.0, 1.0], "fov": 49.75702473940419, "aspect": 1}, {"camera_to_world": [0.9976697564125061, 0.0019237324595451355, -0.06820091605186462, -0.2944927513599396, -2.8517755708890036e-05, 0.9996141195297241, 0.027778785675764084, 0.11994928121566772, 0.06822803616523743, -0.027712110430002213, 0.9972848296165466, 2.2467670779402482e-10, 0.0, 0.0, 0.0, 1.0], "fov": 49.75702473940419, "aspect": 1}, {"camera_to_world": [0.9997361302375793, 0.0005329774576239288, 0.022964294999837875, 0.09894468635320663, 9.601132660463918e-06, 0.9997209906578064, -0.023620467633008957, -0.10177189856767654, -0.022970477119088173, 0.02361445501446724, 0.9994571805000305, -1.9062866563057668e-10, 0.0, 0.0, 0.0, 1.0], "fov": 49.75702473940419, "aspect": 1}, {"camera_to_world": [0.9994872808456421, -0.000831087410915643, -0.032006844878196716, -0.13794954121112823, -1.3382634278968908e-05, 0.9996521472930908, -0.026374800130724907, -0.11367542296648026, 0.032017629593610764, 0.026361705735325813, 0.9991396069526672, -2.1292513585624562e-10, 0.0, 0.0, 0.0, 1.0], "fov": 49.75702473940419, "aspect": 1}, {"camera_to_world": [0.9999929666519165, 8.611547673353925e-05, 0.0037458885926753283, 0.016135426238179207, 1.5661090628782404e-06, 0.9997261762619019, -0.02340112254023552, -0.10080039501190186, -0.003746878122910857, 0.023400964215397835, 0.9997191429138184, -1.8880895458206481e-10, 0.0, 0.0, 0.0, 1.0], "fov": 49.75702473940419, "aspect": 1}, {"camera_to_world": [0.9960710406303406, 0.0008169114589691162, -0.08855398744344711, -0.38285842537879944, -3.701510649989359e-05, 0.9999611973762512, 0.008808299899101257, 0.03808221220970154, 0.08855774998664856, -0.008770414628088474, 0.9960324168205261, 7.133171830986385e-11, 0.0, 0.0, 0.0, 1.0], "fov": 49.75702473940419, "aspect": 1}, {"camera_to_world": [0.9998926520347595, 0.00029435125179588795, 0.014649049378931522, 0.06310313940048218, 6.1242021729412954e-06, 0.9997897148132324, -0.02050733007490635, -0.08833863586187363, -0.014652005396783352, 0.02050521783530712, 0.9996823668479919, -1.6546684855622829e-10, 0.0, 0.0, 0.0, 1.0], "fov": 49.75702473940419, "aspect": 1}, {"camera_to_world": [0.9976511001586914, 0.00016323271847795695, 0.06850041449069977, 0.2956785559654236, 2.863168265321292e-05, 0.9999960660934448, -0.002799931913614273, -0.012085764668881893, -0.06850060820579529, 0.0027953165117651224, 0.9976471662521362, -2.263779788624909e-11, 0.0, 0.0, 0.0, 1.0], "fov": 49.75702473940419, "aspect": 1}, {"camera_to_world": [0.997425377368927, 0.0018061324954032898, 0.07168924063444138, 0.30961325764656067, 2.9973965865792707e-05, 0.9996721744537354, -0.025602687150239944, -0.11057351529598236, -0.07171198725700378, 0.025538917630910873, 0.9970983862876892, -2.0711495019032355e-10, 0.0, 0.0, 0.0, 1.0], "fov": 49.75702473940419, "aspect": 1}, {"camera_to_world": [0.9962778091430664, 0.0008929353207349777, 0.0861959308385849, 0.37259337306022644, 3.6029854527441785e-05, 0.9999419450759888, -0.010775209404528141, -0.046577274799346924, -0.08620055019855499, 0.010738207027316093, 0.9962199330329895, -8.724375388791117e-11, 0.0, 0.0, 0.0, 1.0], "fov": 49.75702473940419, "aspect": 1}, {"camera_to_world": [0.9965714812278748, -0.0015823550056666136, -0.08272073417901993, -0.35751351714134216, -3.45816915796604e-05, 0.9998090267181396, -0.019541846588253975, -0.08445855975151062, 0.08273585885763168, 0.019477708265185356, 0.9963811635971069, -1.5819910659242709e-10, 0.0, 0.0, 0.0, 1.0], "fov": 49.75702473940419, "aspect": 1}, {"camera_to_world": [0.9989762902259827, 0.0007847667438909411, 0.045230329036712646, 0.19500543177127838, 1.8908083802671172e-05, 0.9998421669006348, -0.017765328288078308, -0.07659319788217545, -0.045237135142087936, 0.017747996374964714, 0.9988186359405518, -1.434665025668025e-10, 0.0, 0.0, 0.0, 1.0], "fov": 49.75702473940419, "aspect": 1}, {"camera_to_world": [0.999408483505249, 0.0003245442931074649, 0.03438837453722954, 0.1481812596321106, 1.4374189959198702e-05, 0.9999514222145081, -0.009854907169938087, -0.042465295642614365, -0.03438990190625191, 0.009849571622908115, 0.9993599653244019, -7.954162328793757e-11, 0.0, 0.0, 0.0, 1.0], "fov": 49.75702473940419, "aspect": 1}, {"camera_to_world": [0.9999613761901855, 0.00013475694868247956, 0.0087912417948246, 0.03786382079124451, 3.6749686387338443e-06, 0.9998760223388672, -0.015744656324386597, -0.06781212985515594, -0.008792273700237274, 0.015744078904390335, 0.9998373985290527, -1.2701870111264668e-10, 0.0, 0.0, 0.0, 1.0], "fov": 49.75702473940419, "aspect": 1}, {"camera_to_world": [0.9999265670776367, 0.00028192580793984234, 0.01211379375308752, 0.05218401551246643, 5.064658580522519e-06, 0.999719500541687, -0.023684652522206306, -0.10202916711568832, -0.012117072939872742, 0.023682976141572, 0.9996460676193237, -1.9111055793441523e-10, 0.0, 0.0, 0.0, 1.0], "fov": 49.75702473940419, "aspect": 1}, {"camera_to_world": [0.9993718862533569, -1.8615844965097494e-05, 0.035437051206827164, 0.15269823372364044, 1.4811875189479906e-05, 1.0, 0.00010760693839984015, 0.0004636766097974032, -0.035437051206827164, -0.0001070144644472748, 0.9993718862533569, 8.685296405686049e-13, 0.0, 0.0, 0.0, 1.0], "fov": 49.75702473940419, "aspect": 1}, {"camera_to_world": [0.9993975758552551, -0.0009172187419608235, 0.03469330817461014, 0.14954020082950592, 1.4506073057418689e-05, 0.9996616244316101, 0.02601110003888607, 0.11211686581373215, -0.034705426543951035, -0.025994926691055298, 0.9990594387054443, 2.1000583216856938e-10, 0.0, 0.0, 0.0, 1.0], "fov": 49.75702473940419, "aspect": 1}, {"camera_to_world": [0.9996769428253174, 0.00044879058259539306, -0.025413628667593002, -0.10949017107486725, -1.062396950146649e-05, 0.999851405620575, 0.017238913103938103, 0.0742708370089531, 0.025417590513825417, -0.017233073711395264, 0.9995283484458923, 1.3911653773401866e-10, 0.0, 0.0, 0.0, 1.0], "fov": 49.75702473940419, "aspect": 1}], "keyframes": [{"matrix": "[0.999729275703,0.000009725379,-0.023267732933,0,0.000503113319,0.999757051468,0.022034812719,0,0.023262294009,-0.022040553391,0.999486386776,0,0.100225731730,-0.094961851835,-0.000000000178,1.000000000000]", "fov": 49.75702473940419, "aspect": 1, "properties": "[[\"FOV\",49.75702473940419],[\"NAME\",\"Camera 0\"],[\"TIME\",0]]"}, {"matrix": "[0.998852670193,0.000020016592,-0.047889214009,0,0.000336749421,0.999972224236,0.007441740483,0,0.047888033092,-0.007449328899,0.998824954033,0,0.206462517381,-0.032116733491,-0.000000000060,1.000000000000]", "fov": 49.75702473940419, "aspect": 1, "properties": "[[\"FOV\",49.75702473940419],[\"NAME\",\"Camera 1\"],[\"TIME\",1]]"}, {"matrix": "[0.997540235519,0.000029298782,-0.070096626878,0,0.000808697601,0.999928534031,0.011926465668,0,0.070091970265,-0.011953816749,0.997468888760,0,0.302602469921,-0.051607258618,-0.000000000097,1.000000000000]", "fov": 49.75702473940419, "aspect": 1, "properties": "[[\"FOV\",49.75702473940419],[\"NAME\",\"Camera 2\"],[\"TIME\",2]]"}, {"matrix": "[0.998943746090,0.000019206027,-0.045949950814,0,-0.001300313743,0.999611258507,-0.027850775048,0,0.045931555331,0.027881106362,0.998555421829,0,0.198080867529,0.120237901807,0.000000000225,1.000000000000]", "fov": 49.75702473940419, "aspect": 1, "properties": "[[\"FOV\",49.75702473940419],[\"NAME\",\"Camera 3\"],[\"TIME\",3]]"}, {"matrix": "[0.996397912502,0.000035444857,-0.084800958633,0,-0.001846245839,0.999771952629,-0.021275216714,0,0.084780864418,0.021355144680,0.996170759201,0,0.366494655609,0.092315003276,0.000000000173,1.000000000000]", "fov": 49.75702473940419, "aspect": 1, "properties": "[[\"FOV\",49.75702473940419],[\"NAME\",\"Camera 4\"],[\"TIME\",4]]"}, {"matrix": "[0.999298691750,-0.000015650936,0.037444483489,0,0.000127922918,0.999995529652,-0.002995964373,0,-0.037444267422,0.002998653334,0.999294221401,0,-0.161359876394,0.012922198512,0.000000000024,1.000000000000]", "fov": 49.75702473940419, "aspect": 1, "properties": "[[\"FOV\",49.75702473940419],[\"NAME\",\"Camera 5\"],[\"TIME\",5]]"}, {"matrix": "[0.999994635582,-0.000001370714,0.003279400524,0,0.000085853659,0.999668121338,-0.025761701167,0,-0.003278276650,0.025761844590,0.999662756920,0,-0.014121981338,0.110975481570,0.000000000208,1.000000000000]", "fov": 49.75702473940419, "aspect": 1, "properties": "[[\"FOV\",49.75702473940419],[\"NAME\",\"Camera 6\"],[\"TIME\",6]]"}, {"matrix": "[0.995937526226,0.000037637634,-0.090047128499,0,-0.002490383573,0.999628901482,-0.027126269415,0,0.090012691915,0.027240321040,0.995568037033,0,0.389346599579,0.117827013135,0.000000000221,1.000000000000]", "fov": 49.75702473940419, "aspect": 1, "properties": "[[\"FOV\",49.75702473940419],[\"NAME\",\"Camera 7\"],[\"TIME\",7]]"}, {"matrix": "[0.997903883457,0.000027048922,-0.064713887870,0,-0.000871455471,0.999914884567,-0.013020113111,0,0.064708024263,0.013049216941,0.997818887234,0,0.279260814190,0.056316580623,0.000000000105,1.000000000000]", "fov": 49.75702473940419, "aspect": 1, "properties": "[[\"FOV\",49.75702473940419],[\"NAME\",\"Camera 8\"],[\"TIME\",8]]"}, {"matrix": "[0.999995648861,-0.000001231275,0.002945795422,0,0.000010908953,0.999994575977,-0.003285237588,0,-0.002945775399,0.003285255516,0.999990284443,0,-0.012685494497,0.014147409238,0.000000000026,1.000000000000]", "fov": 49.75702473940419, "aspect": 1, "properties": "[[\"FOV\",49.75702473940419],[\"NAME\",\"Camera 9\"],[\"TIME\",9]]"}, {"matrix": "[0.996600151062,-0.000034437155,0.082390055060,0,0.000810309779,0.999955654144,-0.009383646771,0,-0.082386076450,0.009418505244,0.996555984020,0,-0.356004685163,0.040699012578,0.000000000076,1.000000000000]", "fov": 49.75702473940419, "aspect": 1, "properties": "[[\"FOV\",49.75702473940419],[\"NAME\",\"Camera 10\"],[\"TIME\",10]]"}, {"matrix": "[0.999848544598,-0.000007274524,0.017404122278,0,-0.000255842664,0.999885737896,0.015115820803,0,-0.017402242869,-0.015117984265,0.999734282494,0,-0.074959076941,-0.065119773149,-0.000000000122,1.000000000000]", "fov": 49.75702473940419, "aspect": 1, "properties": "[[\"FOV\",49.75702473940419],[\"NAME\",\"Camera 11\"],[\"TIME\",11]]"}, {"matrix": "[0.998559296131,0.000022428541,-0.053659740835,0,0.001318304916,0.999687850475,0.024950308725,0,0.053643550724,-0.024985102937,0.998247504234,0,0.231410384178,-0.107782058418,-0.000000000202,1.000000000000]", "fov": 49.75702473940419, "aspect": 1, "properties": "[[\"FOV\",49.75702473940419],[\"NAME\",\"Camera 12\"],[\"TIME\",12]]"}, {"matrix": "[0.999666512012,0.000010793706,-0.025823678821,0,0.000200337672,0.999966561794,0.008173281327,0,0.025822903961,-0.008175729774,0.999633073807,0,0.111241802573,-0.035220012069,-0.000000000066,1.000000000000]", "fov": 49.75702473940419, "aspect": 1, "properties": "[[\"FOV\",49.75702473940419],[\"NAME\",\"Camera 13\"],[\"TIME\",13]]"}, {"matrix": "[0.999874830246,0.000006612674,-0.015820661560,0,-0.000237985747,0.999893069267,-0.014622903429,0,0.015818873420,0.014624838717,0.999767899513,0,0.068136513233,0.062993459404,0.000000000118,1.000000000000]", "fov": 49.75702473940419, "aspect": 1, "properties": "[[\"FOV\",49.75702473940419],[\"NAME\",\"Camera 14\"],[\"TIME\",14]]"}, {"matrix": "[0.996607065201,-0.000034402139,0.082306288183,0,0.001852451358,0.999755978584,-0.022012563422,0,-0.082285441458,0.022090345621,0.996363937855,0,-0.355638355017,0.095474652946,0.000000000179,1.000000000000]", "fov": 49.75702473940419, "aspect": 1, "properties": "[[\"FOV\",49.75702473940419],[\"NAME\",\"Camera 15\"],[\"TIME\",15]]"}, {"matrix": "[0.999981582165,-0.000002535559,0.006066262256,0,0.000151060100,0.999700248241,-0.024483365938,0,-0.006064381916,0.024483833462,0.999681830406,0,-0.026123315096,0.105468109250,0.000000000198,1.000000000000]", "fov": 49.75702473940419, "aspect": 1, "properties": "[[\"FOV\",49.75702473940419],[\"NAME\",\"Camera 16\"],[\"TIME\",16]]"}, {"matrix": "[0.998107552528,-0.000025702304,0.061492141336,0,0.001377806067,0.999758183956,-0.021945936605,0,-0.061476707458,0.021989129484,0.997866272926,0,-0.265302807093,0.094894111156,0.000000000178,1.000000000000]", "fov": 49.75702473940419, "aspect": 1, "properties": "[[\"FOV\",49.75702473940419],[\"NAME\",\"Camera 17\"],[\"TIME\",17]]"}, {"matrix": "[0.998310685158,-0.000024285207,0.058101773262,0,0.001444246271,0.999701321125,-0.024397335947,0,-0.058083824813,0.024440033361,0.998012483120,0,-0.250624090433,0.105455540121,0.000000000198,1.000000000000]", "fov": 49.75702473940419, "aspect": 1, "properties": "[[\"FOV\",49.75702473940419],[\"NAME\",\"Camera 18\"],[\"TIME\",18]]"}, {"matrix": "[0.999842345715,0.000007421990,-0.017756931484,0,0.000257475942,0.999888718128,0.014915668406,0,0.017755066976,-0.014917888679,0.999731063843,0,0.076479084790,-0.064258083701,-0.000000000120,1.000000000000]", "fov": 49.75702473940419, "aspect": 1, "properties": "[[\"FOV\",49.75702473940419],[\"NAME\",\"Camera 19\"],[\"TIME\",19]]"}, {"matrix": "[0.999843299389,0.000007398918,-0.017701731995,0,0.000473995227,0.999630153179,0.027190400288,0,0.017695385963,-0.027194529772,0.999473512173,0,0.076241657138,-0.117169298232,-0.000000000219,1.000000000000]", "fov": 49.75702473940419, "aspect": 1, "properties": "[[\"FOV\",49.75702473940419],[\"NAME\",\"Camera 20\"],[\"TIME\",20]]"}, {"matrix": "[0.998387336731,0.000023727971,-0.056768596172,0,-0.000359755330,0.999982476234,-0.005909034982,0,0.056767459959,0.005919928662,0.998369872570,0,0.244856461883,0.025534570217,0.000000000048,1.000000000000]", "fov": 49.75702473940419, "aspect": 1, "properties": "[[\"FOV\",49.75702473940419],[\"NAME\",\"Camera 21\"],[\"TIME\",21]]"}, {"matrix": "[0.999630749226,0.000011357471,-0.027172472328,0,0.000666970038,0.999688386917,0.024954583496,0,0.027164287865,-0.024963492528,0.999319255352,0,0.117057070136,-0.107573345304,-0.000000000201,1.000000000000]", "fov": 49.75702473940419, "aspect": 1, "properties": "[[\"FOV\",49.75702473940419],[\"NAME\",\"Camera 22\"],[\"TIME\",22]]"}, {"matrix": "[0.999936878681,0.000004695163,-0.011233063415,0,0.000270693359,0.999699473381,0.024514243007,0,0.011229802854,-0.024515736848,0.999636352062,0,0.048376411200,-0.105610348284,-0.000000000198,1.000000000000]", "fov": 49.75702473940419, "aspect": 1, "properties": "[[\"FOV\",49.75702473940419],[\"NAME\",\"Camera 23\"],[\"TIME\",23]]"}, {"matrix": "[0.999448835850,-0.000013875447,0.033196669072,0,-0.000451613538,0.999901711941,0.014014620334,0,-0.033193599433,-0.014021887444,0.999350547791,0,-0.143034264445,-0.060421597213,-0.000000000113,1.000000000000]", "fov": 49.75702473940419, "aspect": 1, "properties": "[[\"FOV\",49.75702473940419],[\"NAME\",\"Camera 24\"],[\"TIME\",24]]"}, {"matrix": "[0.995989143848,0.000037398102,-0.089474052191,0,-0.002384084510,0.999655961990,-0.026120835915,0,0.089442297816,0.026229383424,0.995646595955,0,0.386848837137,0.113445281982,0.000000000212,1.000000000000]", "fov": 49.75702473940419, "aspect": 1, "properties": "[[\"FOV\",49.75702473940419],[\"NAME\",\"Camera 25\"],[\"TIME\",25]]"}, {"matrix": "[0.999897420406,0.000005986724,-0.014323092066,0,0.000187890997,0.999908387661,0.013534640893,0,0.014321860857,-0.013535943814,0.999805808067,0,0.061686106026,-0.058301061392,-0.000000000109,1.000000000000]", "fov": 49.75702473940419, "aspect": 1, "properties": "[[\"FOV\",49.75702473940419],[\"NAME\",\"Camera 26\"],[\"TIME\",26]]"}, {"matrix": "[0.999076843262,0.000017955548,-0.042958211154,0,-0.001013249741,0.999731540680,-0.023147230968,0,0.042946264148,0.023169390857,0.998808681965,0,0.185159772635,0.099893189967,0.000000000187,1.000000000000]", "fov": 49.75702473940419, "aspect": 1, "properties": "[[\"FOV\",49.75702473940419],[\"NAME\",\"Camera 27\"],[\"TIME\",27]]"}, {"matrix": "[0.999215304852,-0.000016555305,0.039608165622,0,0.000039773604,0.999999821186,-0.000585411850,0,-0.039608150721,0.000586527865,0.999215126038,0,-0.170698270202,0.002527743112,0.000000000005,1.000000000000]", "fov": 49.75702473940419, "aspect": 1, "properties": "[[\"FOV\",49.75702473940419],[\"NAME\",\"Camera 28\"],[\"TIME\",28]]"}, {"matrix": "[0.998040378094,-0.000026154255,0.062573425472,0,0.001328102080,0.999783515930,-0.020765220746,0,-0.062559328973,0.020807631314,0.997824311256,0,-0.269986212254,0.089799128473,0.000000000168,1.000000000000]", "fov": 49.75702473940419, "aspect": 1, "properties": "[[\"FOV\",49.75702473940419],[\"NAME\",\"Camera 29\"],[\"TIME\",29]]"}, {"matrix": "[0.995978653431,-0.000037446873,0.089590728283,0,-0.001076392713,0.999922752380,0.012384184636,0,-0.089584276080,-0.012430818751,0.995901644230,0,-0.387363672256,-0.053751040250,-0.000000000101,1.000000000000]", "fov": 49.75702473940419, "aspect": 1, "properties": "[[\"FOV\",49.75702473940419],[\"NAME\",\"Camera 30\"],[\"TIME\",30]]"}, {"matrix": "[0.997933924198,0.000026854288,-0.064248234034,0,-0.000388387911,0.999984145164,-0.005614654627,0,0.064247064292,0.005628007464,0.997918128967,0,0.277243852615,0.024286407977,0.000000000045,1.000000000000]", "fov": 49.75702473940419, "aspect": 1, "properties": "[[\"FOV\",49.75702473940419],[\"NAME\",\"Camera 31\"],[\"TIME\",31]]"}, {"matrix": "[0.999359965324,0.000014952298,-0.035773012787,0,0.000635723816,0.999834597111,0.018177578226,0,0.035767365247,-0.018188685179,0.999194622040,0,0.154148906469,-0.078388944268,-0.000000000147,1.000000000000]", "fov": 49.75702473940419, "aspect": 1, "properties": "[[\"FOV\",49.75702473940419],[\"NAME\",\"Camera 32\"],[\"TIME\",32]]"}, {"matrix": "[0.997669756413,-0.000028517756,0.068228036165,0,0.001923732460,0.999614119530,-0.027712110430,0,-0.068200916052,0.027778785676,0.997284829617,0,-0.294492751360,0.119949281216,0.000000000225,1.000000000000]", "fov": 49.75702473940419, "aspect": 1, "properties": "[[\"FOV\",49.75702473940419],[\"NAME\",\"Camera 33\"],[\"TIME\",33]]"}, {"matrix": "[0.999736130238,0.000009601133,-0.022970477119,0,0.000532977458,0.999720990658,0.023614455014,0,0.022964295000,-0.023620467633,0.999457180500,0,0.098944686353,-0.101771898568,-0.000000000191,1.000000000000]", "fov": 49.75702473940419, "aspect": 1, "properties": "[[\"FOV\",49.75702473940419],[\"NAME\",\"Camera 34\"],[\"TIME\",34]]"}, {"matrix": "[0.999487280846,-0.000013382634,0.032017629594,0,-0.000831087411,0.999652147293,0.026361705735,0,-0.032006844878,-0.026374800131,0.999139606953,0,-0.137949541211,-0.113675422966,-0.000000000213,1.000000000000]", "fov": 49.75702473940419, "aspect": 1, "properties": "[[\"FOV\",49.75702473940419],[\"NAME\",\"Camera 35\"],[\"TIME\",35]]"}, {"matrix": "[0.999992966652,0.000001566109,-0.003746878123,0,0.000086115477,0.999726176262,0.023400964215,0,0.003745888593,-0.023401122540,0.999719142914,0,0.016135426238,-0.100800395012,-0.000000000189,1.000000000000]", "fov": 49.75702473940419, "aspect": 1, "properties": "[[\"FOV\",49.75702473940419],[\"NAME\",\"Camera 36\"],[\"TIME\",36]]"}, {"matrix": "[0.996071040630,-0.000037015106,0.088557749987,0,0.000816911459,0.999961197376,-0.008770414628,0,-0.088553987443,0.008808299899,0.996032416821,0,-0.382858425379,0.038082212210,0.000000000071,1.000000000000]", "fov": 49.75702473940419, "aspect": 1, "properties": "[[\"FOV\",49.75702473940419],[\"NAME\",\"Camera 37\"],[\"TIME\",37]]"}, {"matrix": "[0.999892652035,0.000006124202,-0.014652005397,0,0.000294351252,0.999789714813,0.020505217835,0,0.014649049379,-0.020507330075,0.999682366848,0,0.063103139400,-0.088338635862,-0.000000000165,1.000000000000]", "fov": 49.75702473940419, "aspect": 1, "properties": "[[\"FOV\",49.75702473940419],[\"NAME\",\"Camera 38\"],[\"TIME\",38]]"}, {"matrix": "[0.997651100159,0.000028631683,-0.068500608206,0,0.000163232718,0.999996066093,0.002795316512,0,0.068500414491,-0.002799931914,0.997647166252,0,0.295678555965,-0.012085764669,-0.000000000023,1.000000000000]", "fov": 49.75702473940419, "aspect": 1, "properties": "[[\"FOV\",49.75702473940419],[\"NAME\",\"Camera 39\"],[\"TIME\",39]]"}, {"matrix": "[0.997425377369,0.000029973966,-0.071711987257,0,0.001806132495,0.999672174454,0.025538917631,0,0.071689240634,-0.025602687150,0.997098386288,0,0.309613257647,-0.110573515296,-0.000000000207,1.000000000000]", "fov": 49.75702473940419, "aspect": 1, "properties": "[[\"FOV\",49.75702473940419],[\"NAME\",\"Camera 40\"],[\"TIME\",40]]"}, {"matrix": "[0.996277809143,0.000036029855,-0.086200550199,0,0.000892935321,0.999941945076,0.010738207027,0,0.086195930839,-0.010775209405,0.996219933033,0,0.372593373060,-0.046577274799,-0.000000000087,1.000000000000]", "fov": 49.75702473940419, "aspect": 1, "properties": "[[\"FOV\",49.75702473940419],[\"NAME\",\"Camera 41\"],[\"TIME\",41]]"}, {"matrix": "[0.996571481228,-0.000034581692,0.082735858858,0,-0.001582355006,0.999809026718,0.019477708265,0,-0.082720734179,-0.019541846588,0.996381163597,0,-0.357513517141,-0.084458559752,-0.000000000158,1.000000000000]", "fov": 49.75702473940419, "aspect": 1, "properties": "[[\"FOV\",49.75702473940419],[\"NAME\",\"Camera 42\"],[\"TIME\",42]]"}, {"matrix": "[0.998976290226,0.000018908084,-0.045237135142,0,0.000784766744,0.999842166901,0.017747996375,0,0.045230329037,-0.017765328288,0.998818635941,0,0.195005431771,-0.076593197882,-0.000000000143,1.000000000000]", "fov": 49.75702473940419, "aspect": 1, "properties": "[[\"FOV\",49.75702473940419],[\"NAME\",\"Camera 43\"],[\"TIME\",43]]"}, {"matrix": "[0.999408483505,0.000014374190,-0.034389901906,0,0.000324544293,0.999951422215,0.009849571623,0,0.034388374537,-0.009854907170,0.999359965324,0,0.148181259632,-0.042465295643,-0.000000000080,1.000000000000]", "fov": 49.75702473940419, "aspect": 1, "properties": "[[\"FOV\",49.75702473940419],[\"NAME\",\"Camera 44\"],[\"TIME\",44]]"}, {"matrix": "[0.999961376190,0.000003674969,-0.008792273700,0,0.000134756949,0.999876022339,0.015744078904,0,0.008791241795,-0.015744656324,0.999837398529,0,0.037863820791,-0.067812129855,-0.000000000127,1.000000000000]", "fov": 49.75702473940419, "aspect": 1, "properties": "[[\"FOV\",49.75702473940419],[\"NAME\",\"Camera 45\"],[\"TIME\",45]]"}, {"matrix": "[0.999926567078,0.000005064659,-0.012117072940,0,0.000281925808,0.999719500542,0.023682976142,0,0.012113793753,-0.023684652522,0.999646067619,0,0.052184015512,-0.102029167116,-0.000000000191,1.000000000000]", "fov": 49.75702473940419, "aspect": 1, "properties": "[[\"FOV\",49.75702473940419],[\"NAME\",\"Camera 46\"],[\"TIME\",46]]"}, {"matrix": "[0.999371886253,0.000014811875,-0.035437051207,0,-0.000018615845,1.000000000000,-0.000107014464,0,0.035437051207,0.000107606938,0.999371886253,0,0.152698233724,0.000463676610,0.000000000001,1.000000000000]", "fov": 49.75702473940419, "aspect": 1, "properties": "[[\"FOV\",49.75702473940419],[\"NAME\",\"Camera 47\"],[\"TIME\",47]]"}, {"matrix": "[0.999397575855,0.000014506073,-0.034705426544,0,-0.000917218742,0.999661624432,-0.025994926691,0,0.034693308175,0.026011100039,0.999059438705,0,0.149540200830,0.112116865814,0.000000000210,1.000000000000]", "fov": 49.75702473940419, "aspect": 1, "properties": "[[\"FOV\",49.75702473940419],[\"NAME\",\"Camera 48\"],[\"TIME\",48]]"}, {"matrix": "[0.999676942825,-0.000010623970,0.025417590514,0,0.000448790583,0.999851405621,-0.017233073711,0,-0.025413628668,0.017238913104,0.999528348446,0,-0.109490171075,0.074270837009,0.000000000139,1.000000000000]", "fov": 49.75702473940419, "aspect": 1, "properties": "[[\"FOV\",49.75702473940419],[\"NAME\",\"Camera 49\"],[\"TIME\",49]]"}], "fps": 24, "is_cycle": false, "crop": null, "smoothness_value": 0.5}