{"seconds": 4, "camera_type": "perspective", "render_height": 64.0, "render_width": 64.0, "camera_path": [{"camera_to_world": [0.9987167119979858, -0.0022235338110476732, -0.05059593543410301, -0.23206165432929993, -9.295178642787505e-06, 0.999027669429779, -0.04408763349056244, -0.20221085846424103, 0.05064477026462555, 0.044031526893377304, 0.9977456331253052, 3.0142539575450655e-09, 0.0, 0.0, 0.0, 1.0], "fov": 48.31143653152076, "aspect": 1}, {"camera_to_world": [0.9985476136207581, -0.0006687333225272596, 0.0538724847137928, 0.24690978229045868, 9.888161002891138e-06, 0.9999251961708069, 0.012229054234921932, 0.056048549711704254, -0.05387663468718529, -0.01221076026558876, 0.9984729290008545, 4.9821067271693664e-09, 0.0, 0.0, 0.0, 1.0], "fov": 48.31143653152076, "aspect": 1}, {"camera_to_world": [0.9984951615333557, 0.0012888276251032948, 0.054824553430080414, 0.25133824348449707, 1.00649176602019e-05, 0.999719500541687, -0.02368493378162384, -0.10858142375946045, -0.05483969673514366, 0.02364984340965748, 0.9982150793075562, 3.6036813533257828e-09, 0.0, 0.0, 0.0, 1.0], "fov": 48.31143653152076, "aspect": 1}, {"camera_to_world": [0.9985590577125549, -0.0009433799423277378, 0.053655680269002914, 0.24593213200569153, 9.849130037764553e-06, 0.9998486638069153, 0.017396150156855583, 0.07973570376634598, -0.05366397276520729, -0.01737055368721485, 0.9984079599380493, 5.180572415497409e-09, 0.0, 0.0, 0.0, 1.0], "fov": 48.31143653152076, "aspect": 1}, {"camera_to_world": [0.9990500211715698, -0.00017372163711115718, 0.04357834905385971, 0.1996155083179474, 7.998128239705693e-06, 0.9999927878379822, 0.0038030322175472975, 0.017420241609215736, -0.04357869178056717, -0.003799070604145527, 0.9990427494049072, 4.678025522508733e-09, 0.0, 0.0, 0.0, 1.0], "fov": 48.31143653152076, "aspect": 1}, {"camera_to_world": [0.999669075012207, -0.0005476014921441674, 0.025717608630657196, 0.11775481700897217, 4.721063305623829e-06, 0.9997772574424744, 0.021104607731103897, 0.09663299471139908, -0.02572343870997429, -0.02109750173985958, 0.999446451663971, 5.3731805671475286e-09, 0.0, 0.0, 0.0, 1.0], "fov": 48.31143653152076, "aspect": 1}, {"camera_to_world": [0.9981431365013123, -0.00158702430780977, -0.06089175119996071, -0.2792690396308899, -1.1179653483850416e-05, 0.9996557235717773, -0.026237327605485916, -0.1203327402472496, 0.06091243028640747, 0.0261892881244421, 0.9977994561195374, 3.7178249367997296e-09, 0.0, 0.0, 0.0, 1.0], "fov": 48.31143653152076, "aspect": 1}, {"camera_to_world": [0.9998677372932434, -5.113298902870156e-05, 0.01626374013721943, 0.07443675398826599, 2.984892034874065e-06, 0.9999955892562866, 0.0029604670125991106, 0.013549648225307465, -0.016263820230960846, -0.002960026729851961, 0.99986332654953, 4.695769995066712e-09, 0.0, 0.0, 0.0, 1.0], "fov": 48.31143653152076, "aspect": 1}, {"camera_to_world": [0.9990624189376831, -0.0027219760231673717, 0.04320748895406723, 0.19830289483070374, 7.94571951701073e-06, 0.9980330467224121, 0.06269014626741409, 0.2877195477485657, -0.04329314082860947, -0.0626310259103775, 0.9970973134040833, 6.938821517366023e-09, 0.0, 0.0, 0.0, 1.0], "fov": 48.31143653152076, "aspect": 1}, {"camera_to_world": [0.9999537467956543, -0.0002232782862847671, -0.009613219648599625, -0.044006358832120895, -1.7649274468567455e-06, 0.9997261166572571, -0.02340339496731758, -0.10713352262973785, 0.009615812450647354, 0.02340232953429222, 0.9996798634529114, 3.734019315970727e-09, 0.0, 0.0, 0.0, 1.0], "fov": 48.31143653152076, "aspect": 1}, {"camera_to_world": [0.9999541640281677, 0.0005537065444514155, 0.009561377577483654, 0.04383082687854767, 1.757698896653892e-06, 0.998316764831543, -0.05799710005521774, -0.26586759090423584, -0.00957739632576704, 0.057994455099105835, 0.9982709884643555, 2.3715065466944907e-09, 0.0, 0.0, 0.0, 1.0], "fov": 48.31143653152076, "aspect": 1}, {"camera_to_world": [0.9986875057220459, 0.0015482869930565357, -0.05119430646300316, -0.2346906214952469, -9.400333510711789e-06, 0.9995484948158264, 0.030046308413147926, 0.13774165511131287, 0.051217712461948395, -0.030006391927599907, 0.9982366561889648, 5.8580238437855314e-09, 0.0, 0.0, 0.0, 1.0], "fov": 48.31143653152076, "aspect": 1}, {"camera_to_world": [0.9977819323539734, 0.003942845854908228, -0.06645079702138901, -0.30530261993408203, -1.2217587936902419e-05, 0.9982551336288452, 0.05904784053564072, 0.2712903916835785, 0.06656766682863235, -0.05891605466604233, 0.9960409998893738, 7.003039037556391e-09, 0.0, 0.0, 0.0, 1.0], "fov": 48.31143653152076, "aspect": 1}, {"camera_to_world": [0.9976516366004944, -0.0018670413410291076, 0.06846721470355988, 0.31417423486709595, 1.257071562577039e-05, 0.9996333718299866, 0.027075961232185364, 0.12424299120903015, -0.06849266588687897, -0.027011515572667122, 0.9972859025001526, 5.525429003228055e-09, 0.0, 0.0, 0.0, 1.0], "fov": 48.31143653152076, "aspect": 1}, {"camera_to_world": [0.9988015294075012, 0.002495822496712208, 0.04888001084327698, 0.22424830496311188, 8.982792678580154e-06, 0.998689591884613, -0.051176827400922775, -0.23478545248508453, -0.04894368723034859, 0.05111593380570412, 0.9974926710128784, 2.5591948560332867e-09, 0.0, 0.0, 0.0, 1.0], "fov": 48.31143653152076, "aspect": 1}, {"camera_to_world": [0.9997118711471558, -0.0014080232940614223, -0.023961886763572693, -0.10987702757120132, -4.405520940053975e-06, 0.9982672333717346, -0.05884293466806412, -0.26982375979423523, 0.024003218859434128, 0.058826085180044174, 0.9979796409606934, 2.3999557896559054e-09, 0.0, 0.0, 0.0, 1.0], "fov": 48.31143653152076, "aspect": 1}, {"camera_to_world": [0.9966831207275391, -0.0032304611522704363, -0.08131613582372665, -0.3736567795276642, -1.4936222214601003e-05, 0.9992045164108276, -0.03987865522503853, -0.18324685096740723, 0.08138027787208557, 0.03974759578704834, 0.9958902597427368, 3.229515321834242e-09, 0.0, 0.0, 0.0, 1.0], "fov": 48.31143653152076, "aspect": 1}, {"camera_to_world": [0.9987357258796692, 0.0023041123058646917, -0.0502164363861084, -0.2303328663110733, -9.22626077226596e-06, 0.9989573955535889, 0.04565229266881943, 0.2093980759382248, 0.050269268453121185, -0.04559411108493805, 0.9976944327354431, 6.455477929989684e-09, 0.0, 0.0, 0.0, 1.0], "fov": 48.31143653152076, "aspect": 1}, {"camera_to_world": [0.9954044818878174, -0.0004547014250420034, -0.09575878083705902, -0.4402424097061157, -1.7575377569301054e-05, 0.9999878406524658, -0.00493104150518775, -0.022669993340969086, 0.09575986117124557, 0.004910063464194536, 0.995392382144928, 4.598930569699178e-09, 0.0, 0.0, 0.0, 1.0], "fov": 48.31143653152076, "aspect": 1}, {"camera_to_world": [0.9972884654998779, -0.0024258848279714584, 0.0735514909029007, 0.3376849591732025, 1.350652746623382e-05, 0.9994625449180603, 0.032781269401311874, 0.15050332248210907, -0.07359148561954498, -0.032691389322280884, 0.9967525005340576, 5.735608876733522e-09, 0.0, 0.0, 0.0, 1.0], "fov": 48.31143653152076, "aspect": 1}, {"camera_to_world": [0.9950923323631287, -0.0019779419526457787, -0.09893124550580978, -0.455057293176651, -1.816106669139117e-05, 0.9997965097427368, -0.020171700045466423, -0.09278439730405807, 0.09895101934671402, 0.020074499770998955, 0.9948897957801819, 4.0185574867734886e-09, 0.0, 0.0, 0.0, 1.0], "fov": 48.31143653152076, "aspect": 1}, {"camera_to_world": [0.9946311116218567, -0.004618726670742035, -0.10338104516267776, -0.4761272370815277, -1.8993057892657816e-05, 0.998995304107666, -0.0448145717382431, -0.20639602839946747, 0.10348416119813919, 0.04457593336701393, 0.9936317205429077, 3.0769597980651042e-09, 0.0, 0.0, 0.0, 1.0], "fov": 48.31143653152076, "aspect": 1}, {"camera_to_world": [0.9972130656242371, 0.001988587900996208, 0.0745796486735344, 0.34237053990364075, 1.3692754691874143e-05, 0.9996398091316223, -0.026837432757019997, -0.12320177257061005, -0.07460615038871765, 0.026763658970594406, 0.9968538880348206, 3.444983187605999e-09, 0.0, 0.0, 0.0, 1.0], "fov": 48.31143653152076, "aspect": 1}, {"camera_to_world": [0.9996188879013062, -0.0011970099294558167, -0.027580877766013145, -0.12638434767723083, -5.06691139889881e-06, 0.999051570892334, -0.04354247450828552, -0.19952543079853058, 0.027606841176748276, 0.04352601617574692, 0.9986708164215088, 2.994405834400027e-09, 0.0, 0.0, 0.0, 1.0], "fov": 48.31143653152076, "aspect": 1}, {"camera_to_world": [0.999996542930603, -0.0001435175072401762, 0.0026283462066203356, 0.012045755051076412, 4.83023313790909e-07, 0.9985225200653076, 0.05433927848935127, 0.2490377128124237, -0.0026322617195546627, -0.05433908849954605, 0.9985190629959106, 6.689921061564519e-09, 0.0, 0.0, 0.0, 1.0], "fov": 48.31143653152076, "aspect": 1}, {"camera_to_world": [0.9999533295631409, -0.00033857679227367043, -0.0096524553373456, -0.044201336801052094, -1.7727421663948917e-06, 0.9993789196014404, -0.03523861616849899, -0.16136762499809265, 0.0096583915874362, 0.035236988216638565, 0.9993323087692261, 3.280586247100814e-09, 0.0, 0.0, 0.0, 1.0], "fov": 48.31143653152076, "aspect": 1}, {"camera_to_world": [0.9956676363945007, 0.003143999492749572, -0.09293073415756226, -0.427364319562912, -1.7065893189283088e-05, 0.9994343519210815, 0.03362966328859329, 0.1546541154384613, 0.0929839015007019, -0.0334823802113533, 0.9951044917106628, 6.076577463431931e-09, 0.0, 0.0, 0.0, 1.0], "fov": 48.31143653152076, "aspect": 1}, {"camera_to_world": [0.9999078512191772, -0.0006073995609767735, -0.013559735380113125, -0.06212088093161583, -2.4912710614444222e-06, 0.998989999294281, -0.04493281617760658, -0.20584960281848907, 0.013573331758379936, 0.04492871090769768, 0.9988979697227478, 2.9157969372306525e-09, 0.0, 0.0, 0.0, 1.0], "fov": 48.31143653152076, "aspect": 1}, {"camera_to_world": [0.9993972778320312, -0.0006164872902445495, -0.0347093865275383, -0.15895941853523254, -6.3714824136695825e-06, 0.9998390078544617, -0.017941996455192566, -0.08216936886310577, 0.03471486270427704, 0.01793140172958374, 0.9992364048957825, 3.988789298858819e-09, 0.0, 0.0, 0.0, 1.0], "fov": 48.31143653152076, "aspect": 1}, {"camera_to_world": [0.9970710277557373, 0.004759885836392641, 0.07633313536643982, 0.3510284423828125, 1.4036927495908458e-05, 0.9980500936508179, -0.06241850554943085, -0.2870400547981262, -0.076481394469738, 0.06223675236105919, 0.9951267242431641, 2.0714847615010967e-09, 0.0, 0.0, 0.0, 1.0], "fov": 48.31143653152076, "aspect": 1}, {"camera_to_world": [0.9996461868286133, 0.0016894722357392311, 0.026544468477368355, 0.12176381796598434, 4.881608674622839e-06, 0.9979689717292786, -0.06370143592357635, -0.29220888018608093, -0.02659817785024643, 0.0636790320277214, 0.9976159334182739, 2.120040143438473e-09, 0.0, 0.0, 0.0, 1.0], "fov": 48.31143653152076, "aspect": 1}, {"camera_to_world": [0.9999086856842041, 0.0003102501796092838, -0.013508929871022701, -0.06184161454439163, -2.480104740243405e-06, 0.9997406005859375, 0.0227767713367939, 0.10426827520132065, 0.013512492179870605, -0.022774657234549522, 0.9996492862701416, 5.508922207297928e-09, 0.0, 0.0, 0.0, 1.0], "fov": 48.31143653152076, "aspect": 1}, {"camera_to_world": [0.9993849992752075, -7.162499241530895e-05, 0.035065993666648865, 0.1605689972639084, 6.435763225454139e-06, 0.9999982714653015, 0.00185915338806808, 0.008513186126947403, -0.035066068172454834, -0.0018577843438833952, 0.999383270740509, 4.619174820419403e-09, 0.0, 0.0, 0.0, 1.0], "fov": 48.31143653152076, "aspect": 1}, {"camera_to_world": [0.9998374581336975, 0.0006872165249660611, -0.0180169977247715, -0.08252266049385071, -3.3092437661252916e-06, 0.9992803335189819, 0.03793158382177353, 0.1737368255853653, 0.01803009770810604, -0.0379253588616848, 0.999117910861969, 6.098104687879413e-09, 0.0, 0.0, 0.0, 1.0], "fov": 48.31143653152076, "aspect": 1}, {"camera_to_world": [0.9999678134918213, -5.442161636892706e-05, 0.008022686466574669, 0.03671562299132347, 1.4723890444656718e-06, 0.999978244304657, 0.006599795073270798, 0.030203821137547493, -0.008022870868444443, -0.006599571090191603, 0.9999460577964783, 4.850134072142964e-09, 0.0, 0.0, 0.0, 1.0], "fov": 48.31143653152076, "aspect": 1}, {"camera_to_world": [0.9965482354164124, -0.002894624834880233, -0.08296508342027664, -0.3812163770198822, -1.5236352737701964e-05, 0.9993855357170105, -0.03505124896764755, -0.1610570251941681, 0.0830155611038208, 0.034931525588035583, 0.99593585729599, 3.418095140261812e-09, 0.0, 0.0, 0.0, 1.0], "fov": 48.31143653152076, "aspect": 1}, {"camera_to_world": [0.9979966282844543, 0.004109123721718788, 0.06313346326351166, 0.2901090681552887, 1.1611630725383293e-05, 0.9978767037391663, -0.06513165682554245, -0.29929107427597046, -0.0632670447230339, 0.06500191241502762, 0.9958775043487549, 1.993427423130356e-09, 0.0, 0.0, 0.0, 1.0], "fov": 48.31143653152076, "aspect": 1}, {"camera_to_world": [0.9965095520019531, 0.0023959865793585777, 0.08344421535730362, 0.3833571970462799, 1.5321160390158184e-05, 0.9995827674865723, -0.02888461947441101, -0.13270092010498047, -0.08347860723733902, 0.02878507785499096, 0.99609375, 3.3491427409160224e-09, 0.0, 0.0, 0.0, 1.0], "fov": 48.31143653152076, "aspect": 1}, {"camera_to_world": [0.9970980882644653, -0.0016015274450182915, 0.07611066102981567, 0.34938934445381165, 1.3971976841276046e-05, 0.9997825026512146, 0.020854473114013672, 0.0957334041595459, -0.07612750679254532, -0.020792892202734947, 0.9968812465667725, 5.2729318689159754e-09, 0.0, 0.0, 0.0, 1.0], "fov": 48.31143653152076, "aspect": 1}, {"camera_to_world": [0.9967625737190247, 0.0030503820162266493, 0.08034346997737885, 0.36913248896598816, 1.475637691328302e-05, 0.9992730617523193, -0.03812224417924881, -0.17514996230602264, -0.08040135353803635, 0.03800000995397568, 0.9960379600524902, 2.9998739048409107e-09, 0.0, 0.0, 0.0, 1.0], "fov": 48.31143653152076, "aspect": 1}, {"camera_to_world": [0.9999619126319885, -0.0002965341554954648, -0.008723310194909573, -0.03994467481970787, -1.6020468365240959e-06, 0.9994164705276489, -0.03415711224079132, -0.1564079076051712, 0.008728348650038242, 0.03415582701563835, 0.9993783831596375, 3.3203559901551216e-09, 0.0, 0.0, 0.0, 1.0], "fov": 48.31143653152076, "aspect": 1}, {"camera_to_world": [0.9994120001792908, -0.00012251372390892357, -0.03428740054368973, -0.1570003479719162, -6.293068054219475e-06, 0.9999929666519165, -0.0037565468810498714, -0.017201019451022148, 0.03428761661052704, 0.0037545538507401943, 0.9994049668312073, 4.5312771312921996e-09, 0.0, 0.0, 0.0, 1.0], "fov": 48.31143653152076, "aspect": 1}, {"camera_to_world": [0.9998679757118225, -0.00015171640552580357, 0.01624997705221176, 0.07437653094530106, 2.9824811917933403e-06, 0.9999580979347229, 0.009152502752840519, 0.041891247034072876, -0.01625068485736847, -0.009151245467364788, 0.9998260736465454, 4.9327892881478874e-09, 0.0, 0.0, 0.0, 1.0], "fov": 48.31143653152076, "aspect": 1}, {"camera_to_world": [0.9998748302459717, -0.0009463935857638717, 0.01579284854233265, 0.07240958511829376, 2.903651875385549e-06, 0.9982202649116516, 0.059634964913129807, 0.273423969745636, -0.015821179375052452, -0.05962745472788811, 0.9980953335762024, 6.869676827392368e-09, 0.0, 0.0, 0.0, 1.0], "fov": 48.31143653152076, "aspect": 1}, {"camera_to_world": [0.999635636806488, 0.0008595822728239, 0.026978036388754845, 0.12356602400541306, 4.953838470100891e-06, 0.9994869232177734, -0.03202950954437256, -0.14670297503471375, -0.026991724967956543, 0.03201797232031822, 0.9991227388381958, 3.3360540996341115e-09, 0.0, 0.0, 0.0, 1.0], "fov": 48.31143653152076, "aspect": 1}, {"camera_to_world": [0.9998530745506287, 0.0007019678596407175, 0.017126666381955147, 0.0784534439444542, 3.1458937428396894e-06, 0.9991535544395447, -0.04113579913973808, -0.18843390047550201, -0.01714104600250721, 0.041129808872938156, 0.9990067481994629, 3.0051550137244476e-09, 0.0, 0.0, 0.0, 1.0], "fov": 48.31143653152076, "aspect": 1}, {"camera_to_world": [0.9988592863082886, 0.0009894045069813728, -0.047740958631038666, -0.2187691181898117, -8.764109225012362e-06, 0.9997891187667847, 0.020536700263619423, 0.09410780668258667, 0.04775121062994003, -0.020512854680418968, 0.9986485838890076, 5.486779919294804e-09, 0.0, 0.0, 0.0, 1.0], "fov": 48.31143653152076, "aspect": 1}, {"camera_to_world": [0.997601330280304, 0.0038862437941133976, -0.06911216676235199, -0.31753095984458923, -1.2704630535154138e-05, 0.9984330534934998, 0.05595947057008743, 0.2571018636226654, 0.06922134011983871, -0.055824361741542816, 0.9960381984710693, 6.889288250988557e-09, 0.0, 0.0, 0.0, 1.0], "fov": 48.31143653152076, "aspect": 1}, {"camera_to_world": [0.999884307384491, -0.0009215092286467552, 0.015181485563516617, 0.06960908323526382, 2.791373844956979e-06, 0.9981739521026611, 0.060404855757951736, 0.27696409821510315, -0.01520942710340023, -0.06039782613515854, 0.9980584979057312, 6.900401139375845e-09, 0.0, 0.0, 0.0, 1.0], "fov": 48.31143653152076, "aspect": 1}, {"camera_to_world": [0.9999606609344482, 0.00022427350631915033, -0.008864144794642925, -0.04057872295379639, -1.6274906329272198e-06, 0.9996846914291382, 0.025109628215432167, 0.11494815349578857, 0.008866981603205204, -0.02510862611234188, 0.9996454119682312, 5.58971668951358e-09, 0.0, 0.0, 0.0, 1.0], "fov": 48.31143653152076, "aspect": 1}], "keyframes": [{"matrix": "[0.998716711998,-0.000009295179,0.050644770265,0,-0.002223533811,0.999027669430,0.044031526893,0,-0.050595935434,-0.044087633491,0.997745633125,0,-0.232061654329,-0.202210858464,0.000000003014,1.000000000000]", "fov": 48.31143653152076, "aspect": 1, "properties": "[[\"FOV\",48.31143653152076],[\"NAME\",\"Camera 0\"],[\"TIME\",0]]"}, {"matrix": "[0.998547613621,0.000009888161,-0.053876634687,0,-0.000668733323,0.999925196171,-0.012210760266,0,0.053872484714,0.012229054235,0.998472929001,0,0.246909782290,0.056048549712,0.000000004982,1.000000000000]", "fov": 48.31143653152076, "aspect": 1, "properties": "[[\"FOV\",48.31143653152076],[\"NAME\",\"Camera 1\"],[\"TIME\",1]]"}, {"matrix": "[0.998495161533,0.000010064918,-0.054839696735,0,0.001288827625,0.999719500542,0.023649843410,0,0.054824553430,-0.023684933782,0.998215079308,0,0.251338243484,-0.108581423759,0.000000003604,1.000000000000]", "fov": 48.31143653152076, "aspect": 1, "properties": "[[\"FOV\",48.31143653152076],[\"NAME\",\"Camera 2\"],[\"TIME\",2]]"}, {"matrix": "[0.998559057713,0.000009849130,-0.053663972765,0,-0.000943379942,0.999848663807,-0.017370553687,0,0.053655680269,0.017396150157,0.998407959938,0,0.245932132006,0.079735703766,0.000000005181,1.000000000000]", "fov": 48.31143653152076, "aspect": 1, "properties": "[[\"FOV\",48.31143653152076],[\"NAME\",\"Camera 3\"],[\"TIME\",3]]"}, {"matrix": "[0.999050021172,0.000007998128,-0.043578691781,0,-0.000173721637,0.999992787838,-0.003799070604,0,0.043578349054,0.003803032218,0.999042749405,0,0.199615508318,0.017420241609,0.000000004678,1.000000000000]", "fov": 48.31143653152076, "aspect": 1, "properties": "[[\"FOV\",48.31143653152076],[\"NAME\",\"Camera 4\"],[\"TIME\",4]]"}, {"matrix": "[0.999669075012,0.000004721063,-0.025723438710,0,-0.000547601492,0.999777257442,-0.021097501740,0,0.025717608631,0.021104607731,0.999446451664,0,0.117754817009,0.096632994711,0.000000005373,1.000000000000]", "fov": 48.31143653152076, "aspect": 1, "properties": "[[\"FOV\",48.31143653152076],[\"NAME\",\"Camera 5\"],[\"TIME\",5]]"}, {"matrix": "[0.998143136501,-0.000011179653,0.060912430286,0,-0.001587024308,0.999655723572,0.026189288124,0,-0.060891751200,-0.026237327605,0.997799456120,0,-0.279269039631,-0.120332740247,0.000000003718,1.000000000000]", "fov": 48.31143653152076, "aspect": 1, "properties": "[[\"FOV\",48.31143653152076],[\"NAME\",\"Camera 6\"],[\"TIME\",6]]"}, {"matrix": "[0.999867737293,0.000002984892,-0.016263820231,0,-0.000051132989,0.999995589256,-0.002960026730,0,0.016263740137,0.002960467013,0.999863326550,0,0.074436753988,0.013549648225,0.000000004696,1.000000000000]", "fov": 48.31143653152076, "aspect": 1, "properties": "[[\"FOV\",48.31143653152076],[\"NAME\",\"Camera 7\"],[\"TIME\",7]]"}, {"matrix": "[0.999062418938,0.000007945720,-0.043293140829,0,-0.002721976023,0.998033046722,-0.062631025910,0,0.043207488954,0.062690146267,0.997097313404,0,0.198302894831,0.287719547749,0.000000006939,1.000000000000]", "fov": 48.31143653152076, "aspect": 1, "properties": "[[\"FOV\",48.31143653152076],[\"NAME\",\"Camera 8\"],[\"TIME\",8]]"}, {"matrix": "[0.999953746796,-0.000001764927,0.009615812451,0,-0.000223278286,0.999726116657,0.023402329534,0,-0.009613219649,-0.023403394967,0.999679863453,0,-0.044006358832,-0.107133522630,0.000000003734,1.000000000000]", "fov": 48.31143653152076, "aspect": 1, "properties": "[[\"FOV\",48.31143653152076],[\"NAME\",\"Camera 9\"],[\"TIME\",9]]"}, {"matrix": "[0.999954164028,0.000001757699,-0.009577396326,0,0.000553706544,0.998316764832,0.057994455099,0,0.009561377577,-0.057997100055,0.998270988464,0,0.043830826879,-0.265867590904,0.000000002372,1.000000000000]", "fov": 48.31143653152076, "aspect": 1, "properties": "[[\"FOV\",48.31143653152076],[\"NAME\",\"Camera 10\"],[\"TIME\",10]]"}, {"matrix": "[0.998687505722,-0.000009400334,0.051217712462,0,0.001548286993,0.999548494816,-0.030006391928,0,-0.051194306463,0.030046308413,0.998236656189,0,-0.234690621495,0.137741655111,0.000000005858,1.000000000000]", "fov": 48.31143653152076, "aspect": 1, "properties": "[[\"FOV\",48.31143653152076],[\"NAME\",\"Camera 11\"],[\"TIME\",11]]"}, {"matrix": "[0.997781932354,-0.000012217588,0.066567666829,0,0.003942845855,0.998255133629,-0.058916054666,0,-0.066450797021,0.059047840536,0.996040999889,0,-0.305302619934,0.271290391684,0.000000007003,1.000000000000]", "fov": 48.31143653152076, "aspect": 1, "properties": "[[\"FOV\",48.31143653152076],[\"NAME\",\"Camera 12\"],[\"TIME\",12]]"}, {"matrix": "[0.997651636600,0.000012570716,-0.068492665887,0,-0.001867041341,0.999633371830,-0.027011515573,0,0.068467214704,0.027075961232,0.997285902500,0,0.314174234867,0.124242991209,0.000000005525,1.000000000000]", "fov": 48.31143653152076, "aspect": 1, "properties": "[[\"FOV\",48.31143653152076],[\"NAME\",\"Camera 13\"],[\"TIME\",13]]"}, {"matrix": "[0.998801529408,0.000008982793,-0.048943687230,0,0.002495822497,0.998689591885,0.051115933806,0,0.048880010843,-0.051176827401,0.997492671013,0,0.224248304963,-0.234785452485,0.000000002559,1.000000000000]", "fov": 48.31143653152076, "aspect": 1, "properties": "[[\"FOV\",48.31143653152076],[\"NAME\",\"Camera 14\"],[\"TIME\",14]]"}, {"matrix": "[0.999711871147,-0.000004405521,0.024003218859,0,-0.001408023294,0.998267233372,0.058826085180,0,-0.023961886764,-0.058842934668,0.997979640961,0,-0.109877027571,-0.269823759794,0.000000002400,1.000000000000]", "fov": 48.31143653152076, "aspect": 1, "properties": "[[\"FOV\",48.31143653152076],[\"NAME\",\"Camera 15\"],[\"TIME\",15]]"}, {"matrix": "[0.996683120728,-0.000014936222,0.081380277872,0,-0.003230461152,0.999204516411,0.039747595787,0,-0.081316135824,-0.039878655225,0.995890259743,0,-0.373656779528,-0.183246850967,0.000000003230,1.000000000000]", "fov": 48.31143653152076, "aspect": 1, "properties": "[[\"FOV\",48.31143653152076],[\"NAME\",\"Camera 16\"],[\"TIME\",16]]"}, {"matrix": "[0.998735725880,-0.000009226261,0.050269268453,0,0.002304112306,0.998957395554,-0.045594111085,0,-0.050216436386,0.045652292669,0.997694432735,0,-0.230332866311,0.209398075938,0.000000006455,1.000000000000]", "fov": 48.31143653152076, "aspect": 1, "properties": "[[\"FOV\",48.31143653152076],[\"NAME\",\"Camera 17\"],[\"TIME\",17]]"}, {"matrix": "[0.995404481888,-0.000017575378,0.095759861171,0,-0.000454701425,0.999987840652,0.004910063464,0,-0.095758780837,-0.004931041505,0.995392382145,0,-0.440242409706,-0.022669993341,0.000000004599,1.000000000000]", "fov": 48.31143653152076, "aspect": 1, "properties": "[[\"FOV\",48.31143653152076],[\"NAME\",\"Camera 18\"],[\"TIME\",18]]"}, {"matrix": "[0.997288465500,0.000013506527,-0.073591485620,0,-0.002425884828,0.999462544918,-0.032691389322,0,0.073551490903,0.032781269401,0.996752500534,0,0.337684959173,0.150503322482,0.000000005736,1.000000000000]", "fov": 48.31143653152076, "aspect": 1, "properties": "[[\"FOV\",48.31143653152076],[\"NAME\",\"Camera 19\"],[\"TIME\",19]]"}, {"matrix": "[0.995092332363,-0.000018161067,0.098951019347,0,-0.001977941953,0.999796509743,0.020074499771,0,-0.098931245506,-0.020171700045,0.994889795780,0,-0.455057293177,-0.092784397304,0.000000004019,1.000000000000]", "fov": 48.31143653152076, "aspect": 1, "properties": "[[\"FOV\",48.31143653152076],[\"NAME\",\"Camera 20\"],[\"TIME\",20]]"}, {"matrix": "[0.994631111622,-0.000018993058,0.103484161198,0,-0.004618726671,0.998995304108,0.044575933367,0,-0.103381045163,-0.044814571738,0.993631720543,0,-0.476127237082,-0.206396028399,0.000000003077,1.000000000000]", "fov": 48.31143653152076, "aspect": 1, "properties": "[[\"FOV\",48.31143653152076],[\"NAME\",\"Camera 21\"],[\"TIME\",21]]"}, {"matrix": "[0.997213065624,0.000013692755,-0.074606150389,0,0.001988587901,0.999639809132,0.026763658971,0,0.074579648674,-0.026837432757,0.996853888035,0,0.342370539904,-0.123201772571,0.000000003445,1.000000000000]", "fov": 48.31143653152076, "aspect": 1, "properties": "[[\"FOV\",48.31143653152076],[\"NAME\",\"Camera 22\"],[\"TIME\",22]]"}, {"matrix": "[0.999618887901,-0.000005066911,0.027606841177,0,-0.001197009929,0.999051570892,0.043526016176,0,-0.027580877766,-0.043542474508,0.998670816422,0,-0.126384347677,-0.199525430799,0.000000002994,1.000000000000]", "fov": 48.31143653152076, "aspect": 1, "properties": "[[\"FOV\",48.31143653152076],[\"NAME\",\"Camera 23\"],[\"TIME\",23]]"}, {"matrix": "[0.999996542931,0.000000483023,-0.002632261720,0,-0.000143517507,0.998522520065,-0.054339088500,0,0.002628346207,0.054339278489,0.998519062996,0,0.012045755051,0.249037712812,0.000000006690,1.000000000000]", "fov": 48.31143653152076, "aspect": 1, "properties": "[[\"FOV\",48.31143653152076],[\"NAME\",\"Camera 24\"],[\"TIME\",24]]"}, {"matrix": "[0.999953329563,-0.000001772742,0.009658391587,0,-0.000338576792,0.999378919601,0.035236988217,0,-0.009652455337,-0.035238616168,0.999332308769,0,-0.044201336801,-0.161367624998,0.000000003281,1.000000000000]", "fov": 48.31143653152076, "aspect": 1, "properties": "[[\"FOV\",48.31143653152076],[\"NAME\",\"Camera 25\"],[\"TIME\",25]]"}, {"matrix": "[0.995667636395,-0.000017065893,0.092983901501,0,0.003143999493,0.999434351921,-0.033482380211,0,-0.092930734158,0.033629663289,0.995104491711,0,-0.427364319563,0.154654115438,0.000000006077,1.000000000000]", "fov": 48.31143653152076, "aspect": 1, "properties": "[[\"FOV\",48.31143653152076],[\"NAME\",\"Camera 26\"],[\"TIME\",26]]"}, {"matrix": "[0.999907851219,-0.000002491271,0.013573331758,0,-0.000607399561,0.998989999294,0.044928710908,0,-0.013559735380,-0.044932816178,0.998897969723,0,-0.062120880932,-0.205849602818,0.000000002916,1.000000000000]", "fov": 48.31143653152076, "aspect": 1, "properties": "[[\"FOV\",48.31143653152076],[\"NAME\",\"Camera 27\"],[\"TIME\",27]]"}, {"matrix": "[0.999397277832,-0.000006371482,0.034714862704,0,-0.000616487290,0.999839007854,0.017931401730,0,-0.034709386528,-0.017941996455,0.999236404896,0,-0.158959418535,-0.082169368863,0.000000003989,1.000000000000]", "fov": 48.31143653152076, "aspect": 1, "properties": "[[\"FOV\",48.31143653152076],[\"NAME\",\"Camera 28\"],[\"TIME\",28]]"}, {"matrix": "[0.997071027756,0.000014036927,-0.076481394470,0,0.004759885836,0.998050093651,0.062236752361,0,0.076333135366,-0.062418505549,0.995126724243,0,0.351028442383,-0.287040054798,0.000000002071,1.000000000000]", "fov": 48.31143653152076, "aspect": 1, "properties": "[[\"FOV\",48.31143653152076],[\"NAME\",\"Camera 29\"],[\"TIME\",29]]"}, {"matrix": "[0.999646186829,0.000004881609,-0.026598177850,0,0.001689472236,0.997968971729,0.063679032028,0,0.026544468477,-0.063701435924,0.997615933418,0,0.121763817966,-0.292208880186,0.000000002120,1.000000000000]", "fov": 48.31143653152076, "aspect": 1, "properties": "[[\"FOV\",48.31143653152076],[\"NAME\",\"Camera 30\"],[\"TIME\",30]]"}, {"matrix": "[0.999908685684,-0.000002480105,0.013512492180,0,0.000310250180,0.999740600586,-0.022774657235,0,-0.013508929871,0.022776771337,0.999649286270,0,-0.061841614544,0.104268275201,0.000000005509,1.000000000000]", "fov": 48.31143653152076, "aspect": 1, "properties": "[[\"FOV\",48.31143653152076],[\"NAME\",\"Camera 31\"],[\"TIME\",31]]"}, {"matrix": "[0.999384999275,0.000006435763,-0.035066068172,0,-0.000071624992,0.999998271465,-0.001857784344,0,0.035065993667,0.001859153388,0.999383270741,0,0.160568997264,0.008513186127,0.000000004619,1.000000000000]", "fov": 48.31143653152076, "aspect": 1, "properties": "[[\"FOV\",48.31143653152076],[\"NAME\",\"Camera 32\"],[\"TIME\",32]]"}, {"matrix": "[0.999837458134,-0.000003309244,0.018030097708,0,0.000687216525,0.999280333519,-0.037925358862,0,-0.018016997725,0.037931583822,0.999117910862,0,-0.082522660494,0.173736825585,0.000000006098,1.000000000000]", "fov": 48.31143653152076, "aspect": 1, "properties": "[[\"FOV\",48.31143653152076],[\"NAME\",\"Camera 33\"],[\"TIME\",33]]"}, {"matrix": "[0.999967813492,0.000001472389,-0.008022870868,0,-0.000054421616,0.999978244305,-0.006599571090,0,0.008022686467,0.006599795073,0.999946057796,0,0.036715622991,0.030203821138,0.000000004850,1.000000000000]", "fov": 48.31143653152076, "aspect": 1, "properties": "[[\"FOV\",48.31143653152076],[\"NAME\",\"Camera 34\"],[\"TIME\",34]]"}, {"matrix": "[0.996548235416,-0.000015236353,0.083015561104,0,-0.002894624835,0.999385535717,0.034931525588,0,-0.082965083420,-0.035051248968,0.995935857296,0,-0.381216377020,-0.161057025194,0.000000003418,1.000000000000]", "fov": 48.31143653152076, "aspect": 1, "properties": "[[\"FOV\",48.31143653152076],[\"NAME\",\"Camera 35\"],[\"TIME\",35]]"}, {"matrix": "[0.997996628284,0.000011611631,-0.063267044723,0,0.004109123722,0.997876703739,0.065001912415,0,0.063133463264,-0.065131656826,0.995877504349,0,0.290109068155,-0.299291074276,0.000000001993,1.000000000000]", "fov": 48.31143653152076, "aspect": 1, "properties": "[[\"FOV\",48.31143653152076],[\"NAME\",\"Camera 36\"],[\"TIME\",36]]"}, {"matrix": "[0.996509552002,0.000015321160,-0.083478607237,0,0.002395986579,0.999582767487,0.028785077855,0,0.083444215357,-0.028884619474,0.996093750000,0,0.383357197046,-0.132700920105,0.000000003349,1.000000000000]", "fov": 48.31143653152076, "aspect": 1, "properties": "[[\"FOV\",48.31143653152076],[\"NAME\",\"Camera 37\"],[\"TIME\",37]]"}, {"matrix": "[0.997098088264,0.000013971977,-0.076127506793,0,-0.001601527445,0.999782502651,-0.020792892203,0,0.076110661030,0.020854473114,0.996881246567,0,0.349389344454,0.095733404160,0.000000005273,1.000000000000]", "fov": 48.31143653152076, "aspect": 1, "properties": "[[\"FOV\",48.31143653152076],[\"NAME\",\"Camera 38\"],[\"TIME\",38]]"}, {"matrix": "[0.996762573719,0.000014756377,-0.080401353538,0,0.003050382016,0.999273061752,0.038000009954,0,0.080343469977,-0.038122244179,0.996037960052,0,0.369132488966,-0.175149962306,0.000000003000,1.000000000000]", "fov": 48.31143653152076, "aspect": 1, "properties": "[[\"FOV\",48.31143653152076],[\"NAME\",\"Camera 39\"],[\"TIME\",39]]"}, {"matrix": "[0.999961912632,-0.000001602047,0.008728348650,0,-0.000296534155,0.999416470528,0.034155827016,0,-0.008723310195,-0.034157112241,0.999378383160,0,-0.039944674820,-0.156407907605,0.000000003320,1.000000000000]", "fov": 48.31143653152076, "aspect": 1, "properties": "[[\"FOV\",48.31143653152076],[\"NAME\",\"Camera 40\"],[\"TIME\",40]]"}, {"matrix": "[0.999412000179,-0.000006293068,0.034287616611,0,-0.000122513724,0.999992966652,0.003754553851,0,-0.034287400544,-0.003756546881,0.999404966831,0,-0.157000347972,-0.017201019451,0.000000004531,1.000000000000]", "fov": 48.31143653152076, "aspect": 1, "properties": "[[\"FOV\",48.31143653152076],[\"NAME\",\"Camera 41\"],[\"TIME\",41]]"}, {"matrix": "[0.999867975712,0.000002982481,-0.016250684857,0,-0.000151716406,0.999958097935,-0.009151245467,0,0.016249977052,0.009152502753,0.999826073647,0,0.074376530945,0.041891247034,0.000000004933,1.000000000000]", "fov": 48.31143653152076, "aspect": 1, "properties": "[[\"FOV\",48.31143653152076],[\"NAME\",\"Camera 42\"],[\"TIME\",42]]"}, {"matrix": "[0.999874830246,0.000002903652,-0.015821179375,0,-0.000946393586,0.998220264912,-0.059627454728,0,0.015792848542,0.059634964913,0.998095333576,0,0.072409585118,0.273423969746,0.000000006870,1.000000000000]", "fov": 48.31143653152076, "aspect": 1, "properties": "[[\"FOV\",48.31143653152076],[\"NAME\",\"Camera 43\"],[\"TIME\",43]]"}, {"matrix": "[0.999635636806,0.000004953838,-0.026991724968,0,0.000859582273,0.999486923218,0.032017972320,0,0.026978036389,-0.032029509544,0.999122738838,0,0.123566024005,-0.146702975035,0.000000003336,1.000000000000]", "fov": 48.31143653152076, "aspect": 1, "properties": "[[\"FOV\",48.31143653152076],[\"NAME\",\"Camera 44\"],[\"TIME\",44]]"}, {"matrix": "[0.999853074551,0.000003145894,-0.017141046003,0,0.000701967860,0.999153554440,0.041129808873,0,0.017126666382,-0.041135799140,0.999006748199,0,0.078453443944,-0.188433900476,0.000000003005,1.000000000000]", "fov": 48.31143653152076, "aspect": 1, "properties": "[[\"FOV\",48.31143653152076],[\"NAME\",\"Camera 45\"],[\"TIME\",45]]"}, {"matrix": "[0.998859286308,-0.000008764109,0.047751210630,0,0.000989404507,0.999789118767,-0.020512854680,0,-0.047740958631,0.020536700264,0.998648583889,0,-0.218769118190,0.094107806683,0.000000005487,1.000000000000]", "fov": 48.31143653152076, "aspect": 1, "properties": "[[\"FOV\",48.31143653152076],[\"NAME\",\"Camera 46\"],[\"TIME\",46]]"}, {"matrix": "[0.997601330280,-0.000012704631,0.069221340120,0,0.003886243794,0.998433053493,-0.055824361742,0,-0.069112166762,0.055959470570,0.996038198471,0,-0.317530959845,0.257101863623,0.000000006889,1.000000000000]", "fov": 48.31143653152076, "aspect": 1, "properties": "[[\"FOV\",48.31143653152076],[\"NAME\",\"Camera 47\"],[\"TIME\",47]]"}, {"matrix": "[0.999884307384,0.000002791374,-0.015209427103,0,-0.000921509229,0.998173952103,-0.060397826135,0,0.015181485564,0.060404855758,0.998058497906,0,0.069609083235,0.276964098215,0.000000006900,1.000000000000]", "fov": 48.31143653152076, "aspect": 1, "properties": "[[\"FOV\",48.31143653152076],[\"NAME\",\"Camera 48\"],[\"TIME\",48]]"}, {"matrix": "[0.999960660934,-0.000001627491,0.008866981603,0,0.000224273506,0.999684691429,-0.025108626112,0,-0.008864144795,0.025109628215,0.999645411968,0,-0.040578722954,0.114948153496,0.000000005590,1.000000000000]", "fov": 48.31143653152076, "aspect": 1, "properties": "[[\"FOV\",48.31143653152076],[\"NAME\",\"Camera 49\"],[\"TIME\",49]]"}], "fps": 24, "is_cycle": false, "crop": null, "smoothness_value": 0.5}