{"seconds": 4, "camera_type": "perspective", "render_height": 64.0, "render_width": 64.0, "camera_path": [{"camera_to_world": [0.9998348951339722, -0.00021649818518199027, -0.01816900260746479, -0.0837010070681572, 6.351141337290755e-07, 0.9999294281005859, -0.011880007572472095, -0.05472879111766815, 0.018170293420553207, 0.01187803503125906, 0.9997643232345581, -1.5508586637125177e-09, 0.0, 0.0, 0.0, 1.0], "fov": 47.596143730760296, "aspect": 1}, {"camera_to_world": [0.999906063079834, -0.0002402218960924074, -0.013705100864171982, -0.06313740462064743, 4.793077437170723e-07, 0.9998470544815063, -0.017490267753601074, -0.08057506382465363, 0.013707205653190613, 0.017488617449998856, 0.9997531175613403, -1.8759431785753122e-09, 0.0, 0.0, 0.0, 1.0], "fov": 47.596143730760296, "aspect": 1}, {"camera_to_world": [0.9997124075889587, -0.00041129649616777897, -0.023976879194378853, -0.11047866940498352, 8.379452083318029e-07, 0.9998534917831421, -0.017116429284214973, -0.0788675993680954, 0.023980405181646347, 0.017111487686634064, 0.9995659589767456, -1.9072639023676174e-09, 0.0, 0.0, 0.0, 1.0], "fov": 47.596143730760296, "aspect": 1}, {"camera_to_world": [0.9997657537460327, -0.0003442568704485893, 0.02163991890847683, 0.09970337897539139, -7.547569111920893e-07, 0.9998729228973389, 0.01594126597046852, 0.07344755530357361, -0.0216426569968462, -0.015937548130750656, 0.9996387362480164, 3.8896547094324774e-10, 0.0, 0.0, 0.0, 1.0], "fov": 47.596143730760296, "aspect": 1}, {"camera_to_world": [0.9994503855705261, -0.00010285915777785704, -0.0331496000289917, -0.15276235342025757, 1.1580473255889956e-06, 0.9999952912330627, -0.003067948389798403, -0.014137878082692623, 0.03314976021647453, 0.0030662238132208586, 0.9994456768035889, -1.0825366159039618e-09, 0.0, 0.0, 0.0, 1.0], "fov": 47.596143730760296, "aspect": 1}, {"camera_to_world": [1.0, 1.7388057358402875e-06, 0.00019201153190806508, 0.0008843932882882655, -5.914458700573277e-09, 0.9999592900276184, -0.009024564176797867, -0.04156622290611267, -0.00019201940449420363, 0.009024564176797867, 0.9999592304229736, -1.2761615098000334e-09, 0.0, 0.0, 0.0, 1.0], "fov": 47.596143730760296, "aspect": 1}, {"camera_to_world": [0.9996113181114197, 0.000595906691160053, 0.02787240594625473, 0.12845160067081451, -9.724600431582076e-07, 0.9997722506523132, -0.021340064704418182, -0.09834685921669006, -0.02787877433001995, 0.02133174240589142, 0.9993836879730225, -1.895725798561898e-09, 0.0, 0.0, 0.0, 1.0], "fov": 47.596143730760296, "aspect": 1}, {"camera_to_world": [0.9998452067375183, -5.7790537539403886e-05, -0.017593802884221077, -0.08104504644870758, 6.14992188729957e-07, 0.999994695186615, -0.0032497430220246315, -0.01496973168104887, 0.017593897879123688, 0.0032492291647940874, 0.9998399615287781, -1.0114148407680545e-09, 0.0, 0.0, 0.0, 1.0], "fov": 47.596143730760296, "aspect": 1}, {"camera_to_world": [0.9998024106025696, -6.652345473412424e-05, 0.019876666367053986, 0.09156493097543716, -6.931099960638676e-07, 0.9999942779541016, 0.0033816557843238115, 0.015578179620206356, -0.01987677812576294, -0.003381001530215144, 0.9997967481613159, -4.011017906702108e-10, 0.0, 0.0, 0.0, 1.0], "fov": 47.596143730760296, "aspect": 1}, {"camera_to_world": [0.9999097585678101, -0.00011207174975425005, -0.013434348627924919, -0.06188252195715904, 4.6979860712781374e-07, 0.999965488910675, -0.008306925185024738, -0.038264062255620956, 0.013434815220534801, 0.008306169882416725, 0.9998752474784851, -1.30367938666609e-09, 0.0, 0.0, 0.0, 1.0], "fov": 47.596143730760296, "aspect": 1}, {"camera_to_world": [0.9996403455734253, 0.00012072075332980603, 0.02681637555360794, 0.12355431169271469, -9.353810810353025e-07, 0.9999900460243225, -0.004466841462999582, -0.020580554381012917, -0.02681664563715458, 0.004465210251510143, 0.9996303915977478, -8.521940930705796e-10, 0.0, 0.0, 0.0, 1.0], "fov": 47.596143730760296, "aspect": 1}, {"camera_to_world": [0.9999911189079285, 9.221257641911507e-05, 0.004208872560411692, 0.019389692693948746, -1.461781664602313e-07, 0.9997608661651611, -0.021869121119379997, -0.10074791312217712, -0.004209882579743862, 0.021868927404284477, 0.9997519850730896, -2.0533414968326724e-09, 0.0, 0.0, 0.0, 1.0], "fov": 47.596143730760296, "aspect": 1}, {"camera_to_world": [0.9999997019767761, 6.340890649880748e-06, 0.0007838874007575214, 0.003610488260164857, -2.6577477996170273e-08, 0.9999675750732422, -0.008054865524172783, -0.03709958866238594, -0.0007839130121283233, 0.008054863661527634, 0.9999672770500183, -1.2127715498522207e-09, 0.0, 0.0, 0.0, 1.0], "fov": 47.596143730760296, "aspect": 1}, {"camera_to_world": [0.9997391700744629, 0.00014686014037579298, -0.022837916389107704, -0.10521462559700012, 7.980773943927488e-07, 0.9999790787696838, 0.00646534189581871, 0.029785990715026855, 0.02283838950097561, -0.006463673897087574, 0.9997182488441467, -4.353609417417914e-10, 0.0, 0.0, 0.0, 1.0], "fov": 47.596143730760296, "aspect": 1}, {"camera_to_world": [0.9998733401298523, -0.00026730421814136207, 0.0159147921949625, 0.073318712413311, -5.548752710637928e-07, 0.9998583793640137, 0.016828441992402077, 0.07752791047096252, -0.015917036682367325, -0.016826318576931953, 0.999731719493866, 4.1371961412295377e-10, 0.0, 0.0, 0.0, 1.0], "fov": 47.596143730760296, "aspect": 1}, {"camera_to_world": [0.9999984502792358, -3.26437693729531e-05, -0.0017518942477181554, -0.008070130832493305, 6.195822521704031e-08, 0.9998270869255066, -0.018594825640320778, -0.08565738797187805, 0.0017521983245387673, 0.01859479770064354, 0.9998255372047424, -1.8812822411007346e-09, 0.0, 0.0, 0.0, 1.0], "fov": 47.596143730760296, "aspect": 1}, {"camera_to_world": [0.9998127222061157, -9.622062498237938e-05, 0.019352464005351067, 0.08914979547262192, -6.748144869561656e-07, 0.9999874830245972, 0.005006810184568167, 0.023064622655510902, -0.019352702423930168, -0.0050058853812515736, 0.9998002052307129, -3.0287428121056337e-10, 0.0, 0.0, 0.0, 1.0], "fov": 47.596143730760296, "aspect": 1}, {"camera_to_world": [0.9999690055847168, 7.297907723113894e-05, 0.007871139794588089, 0.036254920065402985, -2.7400454882808845e-07, 0.9999573230743408, -0.009236523881554604, -0.042543888092041016, -0.007871477864682674, 0.009236235171556473, 0.9999263882637024, -1.2487395562033043e-09, 0.0, 0.0, 0.0, 1.0], "fov": 47.596143730760296, "aspect": 1}, {"camera_to_world": [0.9999832510948181, 4.618747334461659e-05, -0.005782602820545435, -0.026634328067302704, 2.026661576337574e-07, 0.9999678134918213, 0.008022106252610683, 0.03694942221045494, 0.005782787222415209, -0.008021973073482513, 0.9999511241912842, -2.4849386437431065e-10, 0.0, 0.0, 0.0, 1.0], "fov": 47.596143730760296, "aspect": 1}, {"camera_to_world": [0.9998450875282288, -0.00036283524241298437, 0.017598837614059448, 0.08108512312173843, -6.137175887488411e-07, 0.9997867941856384, 0.020647473633289337, 0.09513150155544281, -0.017602577805519104, -0.020644284784793854, 0.999631941318512, 6.601290625241063e-10, 0.0, 0.0, 0.0, 1.0], "fov": 47.596143730760296, "aspect": 1}, {"camera_to_world": [0.999485433101654, 0.0002113655355060473, -0.03207474201917648, -0.14780648052692413, 1.1205428336324985e-06, 0.9999780654907227, 0.00662455428391695, 0.030527263879776, 0.032075438648462296, -0.00662118149921298, 0.9994634985923767, -4.742635173471399e-10, 0.0, 0.0, 0.0, 1.0], "fov": 47.596143730760296, "aspect": 1}, {"camera_to_world": [0.9996335506439209, -0.00022593620815314353, -0.0270686037838459, -0.12472034245729446, 9.457871783524752e-07, 0.9999654293060303, -0.008311583660542965, -0.03829609602689743, 0.02706954814493656, 0.008308512158691883, 0.999599039554596, -1.376260772012472e-09, 0.0, 0.0, 0.0, 1.0], "fov": 47.596143730760296, "aspect": 1}, {"camera_to_world": [0.9995893239974976, -0.0005354229942895472, -0.028652053326368332, -0.13204042613506317, 1.001207010631333e-06, 0.9998260736465454, -0.018648892641067505, -0.08594170212745667, 0.028657054528594017, 0.01864120550453663, 0.9994154572486877, -2.0274582013257714e-09, 0.0, 0.0, 0.0, 1.0], "fov": 47.596143730760296, "aspect": 1}, {"camera_to_world": [0.9995951056480408, 8.686920409672894e-06, 0.02845422737300396, 0.1311052143573761, -9.925491895046434e-07, 0.9999999403953552, -0.00027042636065743864, -0.0012459501158446074, -0.02845422737300396, 0.00027028864133171737, 0.999595046043396, -5.826787941032308e-10, 0.0, 0.0, 0.0, 1.0], "fov": 47.596143730760296, "aspect": 1}, {"camera_to_world": [0.9999535083770752, 0.00011503544374136254, -0.009644309990108013, -0.04442420229315758, 3.374959476332151e-07, 0.9999284744262695, 0.011961943469941616, 0.05509989708662033, 0.009644996374845505, -0.011961390264332294, 0.9998819231987, -2.4049547076021582e-11, 0.0, 0.0, 0.0, 1.0], "fov": 47.596143730760296, "aspect": 1}, {"camera_to_world": [0.9996249675750732, -0.0002801791706588119, 0.027382802218198776, 0.12617141008377075, -9.551956736686407e-07, 0.9999473094940186, 0.010266270488500595, 0.047303829342126846, -0.027384236454963684, -0.010262446478009224, 0.9995722770690918, 6.664734736316902e-11, 0.0, 0.0, 0.0, 1.0], "fov": 47.596143730760296, "aspect": 1}, {"camera_to_world": [0.9998241662979126, -0.0003747695009224117, 0.018749253824353218, 0.08638627082109451, -6.538788284160546e-07, 0.9997996091842651, 0.02001936547458172, 0.09223829954862595, -0.018752997741103172, -0.020015856251120567, 0.9996237754821777, 6.27183249779506e-10, 0.0, 0.0, 0.0, 1.0], "fov": 47.596143730760296, "aspect": 1}, {"camera_to_world": [0.9999657273292542, -0.00014348870899993926, 0.00827677734196186, 0.038127560168504715, -2.8819698627557955e-07, 0.9998491406440735, 0.017368504777550697, 0.08000928908586502, -0.008278020657598972, -0.017367912456393242, 0.9998149275779724, 4.0679046242608763e-10, 0.0, 0.0, 0.0, 1.0], "fov": 47.596143730760296, "aspect": 1}, {"camera_to_world": [0.9999567866325378, 0.00012903330207336694, -0.009294371120631695, -0.04281323403120041, 3.252868623349059e-07, 0.99990314245224, 0.013916604220867157, 0.06410498172044754, 0.0092952661216259, -0.013916006311774254, 0.9998599886894226, 9.928884103782565e-11, 0.0, 0.0, 0.0, 1.0], "fov": 47.596143730760296, "aspect": 1}, {"camera_to_world": [0.9993603229522705, 0.00016900109767448157, -0.0357622392475605, -0.16481806337833405, 1.2492629366533947e-06, 0.9999886751174927, 0.004760541953146458, 0.02194005623459816, 0.035762637853622437, -0.004757541697472334, 0.9993489980697632, -6.096469440386443e-10, 0.0, 0.0, 0.0, 1.0], "fov": 47.596143730760296, "aspect": 1}, {"camera_to_world": [0.9999998807907104, 1.9869655716320267e-06, 0.0004814530548173934, 0.002217461820691824, -1.601873655943109e-08, 0.9999915957450867, -0.004093712195754051, -0.018854578956961632, -0.0004814571584574878, 0.004093711730092764, 0.9999914765357971, -9.682253887532966e-10, 0.0, 0.0, 0.0, 1.0], "fov": 47.596143730760296, "aspect": 1}, {"camera_to_world": [0.9999518394470215, 6.294908962445334e-05, -0.009814428165555, -0.04520559310913086, 3.4341786658842466e-07, 0.9999791979789734, 0.006448789965361357, 0.029703414067626, 0.009814630262553692, -0.006448482628911734, 0.9999310374259949, -3.675738047270727e-10, 0.0, 0.0, 0.0, 1.0], "fov": 47.596143730760296, "aspect": 1}, {"camera_to_world": [0.9999620318412781, -7.397381523333024e-06, -0.008713193237781525, -0.040132034569978714, 3.04966789599348e-07, 0.9999996423721313, -0.0008139867568388581, -0.003749074647203088, 0.008713196031749249, 0.000813953229226172, 0.9999617338180542, -8.130600637201724e-10, 0.0, 0.0, 0.0, 1.0], "fov": 47.596143730760296, "aspect": 1}, {"camera_to_world": [0.9998461604118347, 0.00023232023522723466, 0.01753726415336132, 0.0807911604642868, -6.114912025623198e-07, 0.9999127388000488, -0.013211214914917946, -0.0608617328107357, -0.017538802698254585, 0.013209172524511814, 0.9997588992118835, -1.444732222743994e-09, 0.0, 0.0, 0.0, 1.0], "fov": 47.596143730760296, "aspect": 1}, {"camera_to_world": [0.9994518160820007, 0.00045057357056066394, -0.03310404345393181, -0.15256568789482117, 1.1565584827621933e-06, 0.9999068975448608, 0.01364448294043541, 0.06288301944732666, 0.03310710936784744, -0.013637041673064232, 0.9993587732315063, -4.321252036754153e-11, 0.0, 0.0, 0.0, 1.0], "fov": 47.596143730760296, "aspect": 1}, {"camera_to_world": [0.9997293949127197, 5.660519309458323e-05, 0.023263337090611458, 0.10717367380857468, -8.113373155538284e-07, 0.9999971389770508, -0.002398362383246422, -0.011049139313399792, -0.02326340600848198, 0.002397694392129779, 0.9997264742851257, -7.424125203492338e-10, 0.0, 0.0, 0.0, 1.0], "fov": 47.596143730760296, "aspect": 1}, {"camera_to_world": [0.9993342161178589, -0.00023136555682867765, -0.036483313888311386, -0.16814710199832916, 1.274447299692838e-06, 0.999980092048645, -0.006306646391749382, -0.029066497460007668, 0.036484044045209885, 0.006302400957792997, 0.9993143677711487, -1.301604934944578e-09, 0.0, 0.0, 0.0, 1.0], "fov": 47.596143730760296, "aspect": 1}, {"camera_to_world": [0.9994451999664307, 0.0007096291519701481, -0.033298976719379425, -0.1534857600927353, 1.1635205510174274e-06, 0.9997722506523132, 0.021340908482670784, 0.09836721420288086, 0.0333065390586853, -0.021329106763005257, 0.9992175698280334, 4.344527515520724e-10, 0.0, 0.0, 0.0, 1.0], "fov": 47.596143730760296, "aspect": 1}, {"camera_to_world": [0.9999862313270569, 4.856958184973337e-05, -0.005243930034339428, -0.02415343001484871, 1.8386251099400397e-07, 0.9999567866325378, 0.009296718053519726, 0.042820557951927185, 0.005244154948741198, -0.009296591393649578, 0.9999430179595947, -1.6643712796859944e-10, 0.0, 0.0, 0.0, 1.0], "fov": 47.596143730760296, "aspect": 1}, {"camera_to_world": [0.9996786117553711, -0.00032756186556071043, 0.02534906007349491, 0.11679794639348984, -8.842214356263867e-07, 0.9999160766601562, 0.012955838814377785, 0.05969518795609474, -0.025351176038384438, -0.01295169722288847, 0.9995946884155273, 2.2305819691315065e-10, 0.0, 0.0, 0.0, 1.0], "fov": 47.596143730760296, "aspect": 1}, {"camera_to_world": [0.9998169541358948, 0.00038966754800640047, 0.019128061830997467, 0.08813279867172241, -6.671107826150546e-07, 0.999793291091919, -0.02033243142068386, -0.09368187934160233, -0.01913202926516533, 0.020328696817159653, 0.9996103048324585, -1.879083333378162e-09, 0.0, 0.0, 0.0, 1.0], "fov": 47.596143730760296, "aspect": 1}, {"camera_to_world": [0.9993541836738586, 0.000563106092158705, 0.03592972829937935, 0.16560937464237213, -1.253673303835967e-06, 0.9998777508735657, -0.015635643154382706, -0.07206863909959793, -0.035934142768383026, 0.015625499188899994, 0.9992319941520691, -1.4985392926547547e-09, 0.0, 0.0, 0.0, 1.0], "fov": 47.596143730760296, "aspect": 1}, {"camera_to_world": [0.999701976776123, -5.892613989999518e-05, -0.024411553516983986, -0.11246654391288757, 8.529991077921295e-07, 0.9999971985816956, -0.0023789238184690475, -0.010959886014461517, 0.024411624297499657, 0.0023781941272318363, 0.9996991753578186, -9.933950328999686e-10, 0.0, 0.0, 0.0, 1.0], "fov": 47.596143730760296, "aspect": 1}, {"camera_to_world": [0.9992745518684387, -0.0007399916648864746, -0.03807614743709564, -0.17552828788757324, 1.3302785646374105e-06, 0.9998118877410889, -0.01939595304429531, -0.08941388130187988, 0.038083337247371674, 0.01938183233141899, 0.9990865588188171, -2.124233899891692e-09, 0.0, 0.0, 0.0, 1.0], "fov": 47.596143730760296, "aspect": 1}, {"camera_to_world": [0.9998060464859009, -0.00040412016096524894, 0.019689707085490227, 0.0907219871878624, -6.867240927022067e-07, 0.9997887015342712, 0.02055497281253338, 0.09470883011817932, -0.019693853333592415, -0.02055099979043007, 0.9995948076248169, 6.654916062664995e-10, 0.0, 0.0, 0.0, 1.0], "fov": 47.596143730760296, "aspect": 1}, {"camera_to_world": [0.9999719858169556, -0.00014164400636218488, 0.007486055605113506, 0.034485820680856705, -2.6059620950036333e-07, 0.9998204112052917, 0.01895245909690857, 0.08730786293745041, -0.007487395312637091, -0.018951930105686188, 0.9997923374176025, 5.010749593026276e-10, 0.0, 0.0, 0.0, 1.0], "fov": 47.596143730760296, "aspect": 1}, {"camera_to_world": [0.9993247985839844, -0.00030611365218646824, 0.0367409810423851, 0.16933883726596832, -1.2818845789297484e-06, 0.9999650120735168, 0.008366242982447147, 0.03855999559164047, -0.036742255091667175, -0.008360641077160835, 0.9992898106575012, -1.752794740947361e-12, 0.0, 0.0, 0.0, 1.0], "fov": 47.596143730760296, "aspect": 1}, {"camera_to_world": [0.9999569058418274, 0.0001679432753007859, 0.009282431565225124, 0.042761076241731644, -3.2331402621821326e-07, 0.9998369812965393, -0.018054816871881485, -0.08317245543003082, -0.009283950552344322, 0.018054034560918808, 0.9997938871383667, -1.7893942994007261e-09, 0.0, 0.0, 0.0, 1.0], "fov": 47.596143730760296, "aspect": 1}, {"camera_to_world": [0.9999312162399292, 1.534964940219652e-05, -0.011729898862540722, -0.054028358310461044, 4.1028027908396325e-07, 0.9999991059303284, 0.0013435655273497105, 0.0061885761097073555, 0.011729909107089043, -0.0013434778666123748, 0.9999303221702576, -6.949454900428975e-10, 0.0, 0.0, 0.0, 1.0], "fov": 47.596143730760296, "aspect": 1}, {"camera_to_world": [0.9998729228973389, 0.0002347656263737008, 0.015941349789500237, 0.0734386146068573, -5.557843678616337e-07, 0.9998921155929565, -0.01469038613140583, -0.06767560541629791, -0.015943078324198723, 0.014688510447740555, 0.9997649788856506, -1.5451010471068116e-09, 0.0, 0.0, 0.0, 1.0], "fov": 47.596143730760296, "aspect": 1}], "keyframes": [{"matrix": "[0.999834895134,0.000000635114,0.018170293421,0,-0.000216498185,0.999929428101,0.011878035031,0,-0.018169002607,-0.011880007572,0.999764323235,0,-0.083701007068,-0.054728791118,-0.000000001551,1.000000000000]", "fov": 47.596143730760296, "aspect": 1, "properties": "[[\"FOV\",47.596143730760296],[\"NAME\",\"Camera 0\"],[\"TIME\",0]]"}, {"matrix": "[0.999906063080,0.000000479308,0.013707205653,0,-0.000240221896,0.999847054482,0.017488617450,0,-0.013705100864,-0.017490267754,0.999753117561,0,-0.063137404621,-0.080575063825,-0.000000001876,1.000000000000]", "fov": 47.596143730760296, "aspect": 1, "properties": "[[\"FOV\",47.596143730760296],[\"NAME\",\"Camera 1\"],[\"TIME\",1]]"}, {"matrix": "[0.999712407589,0.000000837945,0.023980405182,0,-0.000411296496,0.999853491783,0.017111487687,0,-0.023976879194,-0.017116429284,0.999565958977,0,-0.110478669405,-0.078867599368,-0.000000001907,1.000000000000]", "fov": 47.596143730760296, "aspect": 1, "properties": "[[\"FOV\",47.596143730760296],[\"NAME\",\"Camera 2\"],[\"TIME\",2]]"}, {"matrix": "[0.999765753746,-0.000000754757,-0.021642656997,0,-0.000344256870,0.999872922897,-0.015937548131,0,0.021639918908,0.015941265970,0.999638736248,0,0.099703378975,0.073447555304,0.000000000389,1.000000000000]", "fov": 47.596143730760296, "aspect": 1, "properties": "[[\"FOV\",47.596143730760296],[\"NAME\",\"Camera 3\"],[\"TIME\",3]]"}, {"matrix": "[0.999450385571,0.000001158047,0.033149760216,0,-0.000102859158,0.999995291233,0.003066223813,0,-0.033149600029,-0.003067948390,0.999445676804,0,-0.152762353420,-0.014137878083,-0.000000001083,1.000000000000]", "fov": 47.596143730760296, "aspect": 1, "properties": "[[\"FOV\",47.596143730760296],[\"NAME\",\"Camera 4\"],[\"TIME\",4]]"}, {"matrix": "[1.000000000000,-0.000000005914,-0.000192019404,0,0.000001738806,0.999959290028,0.009024564177,0,0.000192011532,-0.009024564177,0.999959230423,0,0.000884393288,-0.041566222906,-0.000000001276,1.000000000000]", "fov": 47.596143730760296, "aspect": 1, "properties": "[[\"FOV\",47.596143730760296],[\"NAME\",\"Camera 5\"],[\"TIME\",5]]"}, {"matrix": "[0.999611318111,-0.000000972460,-0.027878774330,0,0.000595906691,0.999772250652,0.021331742406,0,0.027872405946,-0.021340064704,0.999383687973,0,0.128451600671,-0.098346859217,-0.000000001896,1.000000000000]", "fov": 47.596143730760296, "aspect": 1, "properties": "[[\"FOV\",47.596143730760296],[\"NAME\",\"Camera 6\"],[\"TIME\",6]]"}, {"matrix": "[0.999845206738,0.000000614992,0.017593897879,0,-0.000057790538,0.999994695187,0.003249229165,0,-0.017593802884,-0.003249743022,0.999839961529,0,-0.081045046449,-0.014969731681,-0.000000001011,1.000000000000]", "fov": 47.596143730760296, "aspect": 1, "properties": "[[\"FOV\",47.596143730760296],[\"NAME\",\"Camera 7\"],[\"TIME\",7]]"}, {"matrix": "[0.999802410603,-0.000000693110,-0.019876778126,0,-0.000066523455,0.999994277954,-0.003381001530,0,0.019876666367,0.003381655784,0.999796748161,0,0.091564930975,0.015578179620,-0.000000000401,1.000000000000]", "fov": 47.596143730760296, "aspect": 1, "properties": "[[\"FOV\",47.596143730760296],[\"NAME\",\"Camera 8\"],[\"TIME\",8]]"}, {"matrix": "[0.999909758568,0.000000469799,0.013434815221,0,-0.000112071750,0.999965488911,0.008306169882,0,-0.013434348628,-0.008306925185,0.999875247478,0,-0.061882521957,-0.038264062256,-0.000000001304,1.000000000000]", "fov": 47.596143730760296, "aspect": 1, "properties": "[[\"FOV\",47.596143730760296],[\"NAME\",\"Camera 9\"],[\"TIME\",9]]"}, {"matrix": "[0.999640345573,-0.000000935381,-0.026816645637,0,0.000120720753,0.999990046024,0.004465210252,0,0.026816375554,-0.004466841463,0.999630391598,0,0.123554311693,-0.020580554381,-0.000000000852,1.000000000000]", "fov": 47.596143730760296, "aspect": 1, "properties": "[[\"FOV\",47.596143730760296],[\"NAME\",\"Camera 10\"],[\"TIME\",10]]"}, {"matrix": "[0.999991118908,-0.000000146178,-0.004209882580,0,0.000092212576,0.999760866165,0.021868927404,0,0.004208872560,-0.021869121119,0.999751985073,0,0.019389692694,-0.100747913122,-0.000000002053,1.000000000000]", "fov": 47.596143730760296, "aspect": 1, "properties": "[[\"FOV\",47.596143730760296],[\"NAME\",\"Camera 11\"],[\"TIME\",11]]"}, {"matrix": "[0.999999701977,-0.000000026577,-0.000783913012,0,0.000006340891,0.999967575073,0.008054863662,0,0.000783887401,-0.008054865524,0.999967277050,0,0.003610488260,-0.037099588662,-0.000000001213,1.000000000000]", "fov": 47.596143730760296, "aspect": 1, "properties": "[[\"FOV\",47.596143730760296],[\"NAME\",\"Camera 12\"],[\"TIME\",12]]"}, {"matrix": "[0.999739170074,0.000000798077,0.022838389501,0,0.000146860140,0.999979078770,-0.006463673897,0,-0.022837916389,0.006465341896,0.999718248844,0,-0.105214625597,0.029785990715,-0.000000000435,1.000000000000]", "fov": 47.596143730760296, "aspect": 1, "properties": "[[\"FOV\",47.596143730760296],[\"NAME\",\"Camera 13\"],[\"TIME\",13]]"}, {"matrix": "[0.999873340130,-0.000000554875,-0.015917036682,0,-0.000267304218,0.999858379364,-0.016826318577,0,0.015914792195,0.016828441992,0.999731719494,0,0.073318712413,0.077527910471,0.000000000414,1.000000000000]", "fov": 47.596143730760296, "aspect": 1, "properties": "[[\"FOV\",47.596143730760296],[\"NAME\",\"Camera 14\"],[\"TIME\",14]]"}, {"matrix": "[0.999998450279,0.000000061958,0.001752198325,0,-0.000032643769,0.999827086926,0.018594797701,0,-0.001751894248,-0.018594825640,0.999825537205,0,-0.008070130832,-0.085657387972,-0.000000001881,1.000000000000]", "fov": 47.596143730760296, "aspect": 1, "properties": "[[\"FOV\",47.596143730760296],[\"NAME\",\"Camera 15\"],[\"TIME\",15]]"}, {"matrix": "[0.999812722206,-0.000000674814,-0.019352702424,0,-0.000096220625,0.999987483025,-0.005005885381,0,0.019352464005,0.005006810185,0.999800205231,0,0.089149795473,0.023064622656,-0.000000000303,1.000000000000]", "fov": 47.596143730760296, "aspect": 1, "properties": "[[\"FOV\",47.596143730760296],[\"NAME\",\"Camera 16\"],[\"TIME\",16]]"}, {"matrix": "[0.999969005585,-0.000000274005,-0.007871477865,0,0.000072979077,0.999957323074,0.009236235172,0,0.007871139795,-0.009236523882,0.999926388264,0,0.036254920065,-0.042543888092,-0.000000001249,1.000000000000]", "fov": 47.596143730760296, "aspect": 1, "properties": "[[\"FOV\",47.596143730760296],[\"NAME\",\"Camera 17\"],[\"TIME\",17]]"}, {"matrix": "[0.999983251095,0.000000202666,0.005782787222,0,0.000046187473,0.999967813492,-0.008021973073,0,-0.005782602821,0.008022106253,0.999951124191,0,-0.026634328067,0.036949422210,-0.000000000248,1.000000000000]", "fov": 47.596143730760296, "aspect": 1, "properties": "[[\"FOV\",47.596143730760296],[\"NAME\",\"Camera 18\"],[\"TIME\",18]]"}, {"matrix": "[0.999845087528,-0.000000613718,-0.017602577806,0,-0.000362835242,0.999786794186,-0.020644284785,0,0.017598837614,0.020647473633,0.999631941319,0,0.081085123122,0.095131501555,0.000000000660,1.000000000000]", "fov": 47.596143730760296, "aspect": 1, "properties": "[[\"FOV\",47.596143730760296],[\"NAME\",\"Camera 19\"],[\"TIME\",19]]"}, {"matrix": "[0.999485433102,0.000001120543,0.032075438648,0,0.000211365536,0.999978065491,-0.006621181499,0,-0.032074742019,0.006624554284,0.999463498592,0,-0.147806480527,0.030527263880,-0.000000000474,1.000000000000]", "fov": 47.596143730760296, "aspect": 1, "properties": "[[\"FOV\",47.596143730760296],[\"NAME\",\"Camera 20\"],[\"TIME\",20]]"}, {"matrix": "[0.999633550644,0.000000945787,0.027069548145,0,-0.000225936208,0.999965429306,0.008308512159,0,-0.027068603784,-0.008311583661,0.999599039555,0,-0.124720342457,-0.038296096027,-0.000000001376,1.000000000000]", "fov": 47.596143730760296, "aspect": 1, "properties": "[[\"FOV\",47.596143730760296],[\"NAME\",\"Camera 21\"],[\"TIME\",21]]"}, {"matrix": "[0.999589323997,0.000001001207,0.028657054529,0,-0.000535422994,0.999826073647,0.018641205505,0,-0.028652053326,-0.018648892641,0.999415457249,0,-0.132040426135,-0.085941702127,-0.000000002027,1.000000000000]", "fov": 47.596143730760296, "aspect": 1, "properties": "[[\"FOV\",47.596143730760296],[\"NAME\",\"Camera 22\"],[\"TIME\",22]]"}, {"matrix": "[0.999595105648,-0.000000992549,-0.028454227373,0,0.000008686920,0.999999940395,0.000270288641,0,0.028454227373,-0.000270426361,0.999595046043,0,0.131105214357,-0.001245950116,-0.000000000583,1.000000000000]", "fov": 47.596143730760296, "aspect": 1, "properties": "[[\"FOV\",47.596143730760296],[\"NAME\",\"Camera 23\"],[\"TIME\",23]]"}, {"matrix": "[0.999953508377,0.000000337496,0.009644996375,0,0.000115035444,0.999928474426,-0.011961390264,0,-0.009644309990,0.011961943470,0.999881923199,0,-0.044424202293,0.055099897087,-0.000000000024,1.000000000000]", "fov": 47.596143730760296, "aspect": 1, "properties": "[[\"FOV\",47.596143730760296],[\"NAME\",\"Camera 24\"],[\"TIME\",24]]"}, {"matrix": "[0.999624967575,-0.000000955196,-0.027384236455,0,-0.000280179171,0.999947309494,-0.010262446478,0,0.027382802218,0.010266270489,0.999572277069,0,0.126171410084,0.047303829342,0.000000000067,1.000000000000]", "fov": 47.596143730760296, "aspect": 1, "properties": "[[\"FOV\",47.596143730760296],[\"NAME\",\"Camera 25\"],[\"TIME\",25]]"}, {"matrix": "[0.999824166298,-0.000000653879,-0.018752997741,0,-0.000374769501,0.999799609184,-0.020015856251,0,0.018749253824,0.020019365475,0.999623775482,0,0.086386270821,0.092238299549,0.000000000627,1.000000000000]", "fov": 47.596143730760296, "aspect": 1, "properties": "[[\"FOV\",47.596143730760296],[\"NAME\",\"Camera 26\"],[\"TIME\",26]]"}, {"matrix": "[0.999965727329,-0.000000288197,-0.008278020658,0,-0.000143488709,0.999849140644,-0.017367912456,0,0.008276777342,0.017368504778,0.999814927578,0,0.038127560169,0.080009289086,0.000000000407,1.000000000000]", "fov": 47.596143730760296, "aspect": 1, "properties": "[[\"FOV\",47.596143730760296],[\"NAME\",\"Camera 27\"],[\"TIME\",27]]"}, {"matrix": "[0.999956786633,0.000000325287,0.009295266122,0,0.000129033302,0.999903142452,-0.013916006312,0,-0.009294371121,0.013916604221,0.999859988689,0,-0.042813234031,0.064104981720,0.000000000099,1.000000000000]", "fov": 47.596143730760296, "aspect": 1, "properties": "[[\"FOV\",47.596143730760296],[\"NAME\",\"Camera 28\"],[\"TIME\",28]]"}, {"matrix": "[0.999360322952,0.000001249263,0.035762637854,0,0.000169001098,0.999988675117,-0.004757541697,0,-0.035762239248,0.004760541953,0.999348998070,0,-0.164818063378,0.021940056235,-0.000000000610,1.000000000000]", "fov": 47.596143730760296, "aspect": 1, "properties": "[[\"FOV\",47.596143730760296],[\"NAME\",\"Camera 29\"],[\"TIME\",29]]"}, {"matrix": "[0.999999880791,-0.000000016019,-0.000481457158,0,0.000001986966,0.999991595745,0.004093711730,0,0.000481453055,-0.004093712196,0.999991476536,0,0.002217461821,-0.018854578957,-0.000000000968,1.000000000000]", "fov": 47.596143730760296, "aspect": 1, "properties": "[[\"FOV\",47.596143730760296],[\"NAME\",\"Camera 30\"],[\"TIME\",30]]"}, {"matrix": "[0.999951839447,0.000000343418,0.009814630263,0,0.000062949090,0.999979197979,-0.006448482629,0,-0.009814428166,0.006448789965,0.999931037426,0,-0.045205593109,0.029703414068,-0.000000000368,1.000000000000]", "fov": 47.596143730760296, "aspect": 1, "properties": "[[\"FOV\",47.596143730760296],[\"NAME\",\"Camera 31\"],[\"TIME\",31]]"}, {"matrix": "[0.999962031841,0.000000304967,0.008713196032,0,-0.000007397382,0.999999642372,0.000813953229,0,-0.008713193238,-0.000813986757,0.999961733818,0,-0.040132034570,-0.003749074647,-0.000000000813,1.000000000000]", "fov": 47.596143730760296, "aspect": 1, "properties": "[[\"FOV\",47.596143730760296],[\"NAME\",\"Camera 32\"],[\"TIME\",32]]"}, {"matrix": "[0.999846160412,-0.000000611491,-0.017538802698,0,0.000232320235,0.999912738800,0.013209172525,0,0.017537264153,-0.013211214915,0.999758899212,0,0.080791160464,-0.060861732811,-0.000000001445,1.000000000000]", "fov": 47.596143730760296, "aspect": 1, "properties": "[[\"FOV\",47.596143730760296],[\"NAME\",\"Camera 33\"],[\"TIME\",33]]"}, {"matrix": "[0.999451816082,0.000001156558,0.033107109368,0,0.000450573571,0.999906897545,-0.013637041673,0,-0.033104043454,0.013644482940,0.999358773232,0,-0.152565687895,0.062883019447,-0.000000000043,1.000000000000]", "fov": 47.596143730760296, "aspect": 1, "properties": "[[\"FOV\",47.596143730760296],[\"NAME\",\"Camera 34\"],[\"TIME\",34]]"}, {"matrix": "[0.999729394913,-0.000000811337,-0.023263406008,0,0.000056605193,0.999997138977,0.002397694392,0,0.023263337091,-0.002398362383,0.999726474285,0,0.107173673809,-0.011049139313,-0.000000000742,1.000000000000]", "fov": 47.596143730760296, "aspect": 1, "properties": "[[\"FOV\",47.596143730760296],[\"NAME\",\"Camera 35\"],[\"TIME\",35]]"}, {"matrix": "[0.999334216118,0.000001274447,0.036484044045,0,-0.000231365557,0.999980092049,0.006302400958,0,-0.036483313888,-0.006306646392,0.999314367771,0,-0.168147101998,-0.029066497460,-0.000000001302,1.000000000000]", "fov": 47.596143730760296, "aspect": 1, "properties": "[[\"FOV\",47.596143730760296],[\"NAME\",\"Camera 36\"],[\"TIME\",36]]"}, {"matrix": "[0.999445199966,0.000001163521,0.033306539059,0,0.000709629152,0.999772250652,-0.021329106763,0,-0.033298976719,0.021340908483,0.999217569828,0,-0.153485760093,0.098367214203,0.000000000434,1.000000000000]", "fov": 47.596143730760296, "aspect": 1, "properties": "[[\"FOV\",47.596143730760296],[\"NAME\",\"Camera 37\"],[\"TIME\",37]]"}, {"matrix": "[0.999986231327,0.000000183863,0.005244154949,0,0.000048569582,0.999956786633,-0.009296591394,0,-0.005243930034,0.009296718054,0.999943017960,0,-0.024153430015,0.042820557952,-0.000000000166,1.000000000000]", "fov": 47.596143730760296, "aspect": 1, "properties": "[[\"FOV\",47.596143730760296],[\"NAME\",\"Camera 38\"],[\"TIME\",38]]"}, {"matrix": "[0.999678611755,-0.000000884221,-0.025351176038,0,-0.000327561866,0.999916076660,-0.012951697223,0,0.025349060073,0.012955838814,0.999594688416,0,0.116797946393,0.059695187956,0.000000000223,1.000000000000]", "fov": 47.596143730760296, "aspect": 1, "properties": "[[\"FOV\",47.596143730760296],[\"NAME\",\"Camera 39\"],[\"TIME\",39]]"}, {"matrix": "[0.999816954136,-0.000000667111,-0.019132029265,0,0.000389667548,0.999793291092,0.020328696817,0,0.019128061831,-0.020332431421,0.999610304832,0,0.088132798672,-0.093681879342,-0.000000001879,1.000000000000]", "fov": 47.596143730760296, "aspect": 1, "properties": "[[\"FOV\",47.596143730760296],[\"NAME\",\"Camera 40\"],[\"TIME\",40]]"}, {"matrix": "[0.999354183674,-0.000001253673,-0.035934142768,0,0.000563106092,0.999877750874,0.015625499189,0,0.035929728299,-0.015635643154,0.999231994152,0,0.165609374642,-0.072068639100,-0.000000001499,1.000000000000]", "fov": 47.596143730760296, "aspect": 1, "properties": "[[\"FOV\",47.596143730760296],[\"NAME\",\"Camera 41\"],[\"TIME\",41]]"}, {"matrix": "[0.999701976776,0.000000852999,0.024411624297,0,-0.000058926140,0.999997198582,0.002378194127,0,-0.024411553517,-0.002378923818,0.999699175358,0,-0.112466543913,-0.010959886014,-0.000000000993,1.000000000000]", "fov": 47.596143730760296, "aspect": 1, "properties": "[[\"FOV\",47.596143730760296],[\"NAME\",\"Camera 42\"],[\"TIME\",42]]"}, {"matrix": "[0.999274551868,0.000001330279,0.038083337247,0,-0.000739991665,0.999811887741,0.019381832331,0,-0.038076147437,-0.019395953044,0.999086558819,0,-0.175528287888,-0.089413881302,-0.000000002124,1.000000000000]", "fov": 47.596143730760296, "aspect": 1, "properties": "[[\"FOV\",47.596143730760296],[\"NAME\",\"Camera 43\"],[\"TIME\",43]]"}, {"matrix": "[0.999806046486,-0.000000686724,-0.019693853334,0,-0.000404120161,0.999788701534,-0.020550999790,0,0.019689707085,0.020554972813,0.999594807625,0,0.090721987188,0.094708830118,0.000000000665,1.000000000000]", "fov": 47.596143730760296, "aspect": 1, "properties": "[[\"FOV\",47.596143730760296],[\"NAME\",\"Camera 44\"],[\"TIME\",44]]"}, {"matrix": "[0.999971985817,-0.000000260596,-0.007487395313,0,-0.000141644006,0.999820411205,-0.018951930106,0,0.007486055605,0.018952459097,0.999792337418,0,0.034485820681,0.087307862937,0.000000000501,1.000000000000]", "fov": 47.596143730760296, "aspect": 1, "properties": "[[\"FOV\",47.596143730760296],[\"NAME\",\"Camera 45\"],[\"TIME\",45]]"}, {"matrix": "[0.999324798584,-0.000001281885,-0.036742255092,0,-0.000306113652,0.999965012074,-0.008360641077,0,0.036740981042,0.008366242982,0.999289810658,0,0.169338837266,0.038559995592,-0.000000000002,1.000000000000]", "fov": 47.596143730760296, "aspect": 1, "properties": "[[\"FOV\",47.596143730760296],[\"NAME\",\"Camera 46\"],[\"TIME\",46]]"}, {"matrix": "[0.999956905842,-0.000000323314,-0.009283950552,0,0.000167943275,0.999836981297,0.018054034561,0,0.009282431565,-0.018054816872,0.999793887138,0,0.042761076242,-0.083172455430,-0.000000001789,1.000000000000]", "fov": 47.596143730760296, "aspect": 1, "properties": "[[\"FOV\",47.596143730760296],[\"NAME\",\"Camera 47\"],[\"TIME\",47]]"}, {"matrix": "[0.999931216240,0.000000410280,0.011729909107,0,0.000015349649,0.999999105930,-0.001343477867,0,-0.011729898863,0.001343565527,0.999930322170,0,-0.054028358310,0.006188576110,-0.000000000695,1.000000000000]", "fov": 47.596143730760296, "aspect": 1, "properties": "[[\"FOV\",47.596143730760296],[\"NAME\",\"Camera 48\"],[\"TIME\",48]]"}, {"matrix": "[0.999872922897,-0.000000555784,-0.015943078324,0,0.000234765626,0.999892115593,0.014688510448,0,0.015941349790,-0.014690386131,0.999764978886,0,0.073438614607,-0.067675605416,-0.000000001545,1.000000000000]", "fov": 47.596143730760296, "aspect": 1, "properties": "[[\"FOV\",47.596143730760296],[\"NAME\",\"Camera 49\"],[\"TIME\",49]]"}], "fps": 24, "is_cycle": false, "crop": null, "smoothness_value": 0.5}