{
    "seconds": 4,
    "camera_type": "perspective",
    "render_height": 64,
    "render_width": 64,
    "radius": 3.5,
    "camera_path": [
        {
            "camera_to_world": [
                0.8639643098203329,
                -0.42995679493982664,
                0.2621122390155558,
                0.917392836554445,
                0.5035530472121841,
                0.7376925383518197,
                -0.4497155184151121,
                -1.574004314452892,
                -0.0,
                0.5205255741508968,
                0.8538460790182731,
                2.9884612765639553,
                0.0,
                0.0,
                0.0,
                1.0
            ],
            "fov": 50,
            "aspect": 1
        },
        {
            "camera_to_world": [
                -0.19808752776647487,
                -0.4154731543334762,
                0.8877744022957395,
                3.1072104080350877,
                0.9801843353897093,
                -0.08396384947585994,
                0.17941220872011213,
                0.6279427305203924,
                0.0,
                0.9057218833667356,
                0.42387246901705394,
                1.4835536415596886,
                0.0,
                0.0,
                0.0,
                1.0
            ],
            "fov": 50,
            "aspect": 1
        },
        {
            "camera_to_world": [
                0.6777335950311427,
                0.18916667854265024,
                -0.7105583310997801,
                -2.486954158849231,
                -0.7353075371340642,
                0.17435509175997485,
                -0.6549222303535036,
                -2.2922278062372636,
                0.0,
                0.9663416940743643,
                0.25726198765749986,
                0.9004169568012499,
                0.0,
                0.0,
                0.0,
                1.0
            ],
            "fov": 50,
            "aspect": 1
        },
        {
            "camera_to_world": [
                -0.39252570280012294,
                0.052158553811690385,
                -0.9182608877141303,
                -3.2139131069994558,
                -0.9197410356406142,
                -0.02226014954058414,
                0.3918940074830965,
                1.3716290261908375,
                0.0,
                0.998390690564923,
                0.05671004314313444,
                0.19848515100097053,
                0.0,
                0.0,
                0.0,
                1.0
            ],
            "fov": 50,
            "aspect": 1
        },
        {
            "camera_to_world": [
                0.9297943275229831,
                -0.21320130404783547,
                0.30004618387572607,
                1.0501616435650412,
                0.36807948666841456,
                0.538561289895406,
                -0.757937483253146,
                -2.652781191386011,
                -0.0,
                0.8151668178836151,
                0.5792262589191732,
                2.027291906217106,
                0.0,
                0.0,
                0.0,
                1.0
            ],
            "fov": 50,
            "aspect": 1
        },
        {
            "camera_to_world": [
                -0.9237186944848331,
                -0.24669762859354563,
                0.2930598121639279,
                1.0257093425737476,
                0.38307149914766003,
                -0.594873834059618,
                0.7066691928278567,
                2.4733421748974984,
                0.0,
                0.7650264058171661,
                0.6439989118022397,
                2.253996191307839,
                0.0,
                0.0,
                0.0,
                1.0
            ],
            "fov": 50,
            "aspect": 1
        },
        {
            "camera_to_world": [
                -0.6151212240691515,
                0.3135126559394263,
                -0.7234194455953445,
                -2.5319680595837055,
                -0.7884325460682535,
                -0.24459706749083898,
                0.5643991449986554,
                1.9753970074952938,
                0.0,
                0.9175413283011774,
                0.39764042910563197,
                1.3917415018697117,
                0.0,
                0.0,
                0.0,
                1.0
            ],
            "fov": 50,
            "aspect": 1
        },
        {
            "camera_to_world": [
                -0.9947644251702418,
                -0.10069936618817377,
                0.017417694021273748,
                0.06096192907445812,
                0.10219461050230892,
                -0.9802096864875582,
                0.16954418922583075,
                0.5934046622904077,
                0.0,
                0.1704365223925407,
                0.9853686578305284,
                3.4487903024068496,
                0.0,
                0.0,
                0.0,
                1.0
            ],
            "fov": 50,
            "aspect": 1
        },
        {
            "camera_to_world": [
                0.2729844647743677,
                -0.289192002353045,
                0.9175224617233566,
                3.211328616031749,
                0.9620184416069434,
                0.08206175741028943,
                -0.2603581878468254,
                -0.9112536574638892,
                -0.0,
                0.9537472693254598,
                0.3006096243539597,
                1.0521336852388592,
                0.0,
                0.0,
                0.0,
                1.0
            ],
            "fov": 50,
            "aspect": 1
        },
        {
            "camera_to_world": [
                0.7638284074247474,
                0.16412880726094436,
                -0.6242018092236467,
                -2.1847063322827642,
                -0.645419370650567,
                0.19423997971471532,
                -0.7387182590605521,
                -2.5855139067119333,
                0.0,
                0.9671259302218749,
                0.2542979258516932,
                0.8900427404809266,
                0.0,
                0.0,
                0.0,
                1.0
            ],
            "fov": 50,
            "aspect": 1
        },
        {
            "camera_to_world": [
                0.9162396485038223,
                -0.32189117380777293,
                0.23851829853125794,
                0.8348140448594029,
                0.4006306360097692,
                0.7361630126032721,
                -0.5454897912567039,
                -1.9092142693984642,
                -0.0,
                0.5953571122440118,
                0.8034612055976761,
                2.8121142195918667,
                0.0,
                0.0,
                0.0,
                1.0
            ],
            "fov": 50,
            "aspect": 1
        },
        {
            "camera_to_world": [
                0.9971854440920618,
                -0.07027027761701368,
                0.026139590175543397,
                0.09148856561440187,
                0.0749745963037984,
                0.9346165427561525,
                -0.3476646774057144,
                -1.2168263709200002,
                -0.0,
                0.3486459609548988,
                0.9372544979405728,
                3.2803907427920045,
                0.0,
                0.0,
                0.0,
                1.0
            ],
            "fov": 50,
            "aspect": 1
        },
        {
            "camera_to_world": [
                0.9993394845849854,
                0.0277932834518326,
                -0.02341213241851028,
                -0.081942463464786,
                -0.03633998554506829,
                0.7643075566233444,
                -0.6438271230221957,
                -2.2533949305776853,
                0.0,
                0.644252661836503,
                0.7648127272192721,
                2.6768445452674525,
                0.0,
                0.0,
                0.0,
                1.0
            ],
            "fov": 50,
            "aspect": 1
        },
        {
            "camera_to_world": [
                0.32939146789253343,
                0.5912897420615226,
                -0.7361234283816948,
                -2.576431999335932,
                -0.9441934446285899,
                0.20627742884198472,
                -0.25680413055622336,
                -0.898814456946782,
                0.0,
                0.7796320050402997,
                0.6262379234099783,
                2.1918327319349244,
                0.0,
                0.0,
                0.0,
                1.0
            ],
            "fov": 50,
            "aspect": 1
        },
        {
            "camera_to_world": [
                0.9802840081580627,
                0.049251755220156165,
                -0.19135706926397306,
                -0.6697497424239058,
                -0.19759368246369405,
                0.24434337886741692,
                -0.949343483600162,
                -3.3227021926005675,
                0.0,
                0.9684371832036334,
                0.2492577424847867,
                0.8724020986967537,
                0.0,
                0.0,
                0.0,
                1.0
            ],
            "fov": 50,
            "aspect": 1
        },
        {
            "camera_to_world": [
                0.8728657271167236,
                -0.3648752985376571,
                0.32399296125386606,
                1.1339753643885313,
                0.48796047219523175,
                0.6526904552989647,
                -0.5795599599149657,
                -2.0284598597023797,
                -0.0,
                0.6639737841802835,
                0.7477558518134876,
                2.6171454813472064,
                0.0,
                0.0,
                0.0,
                1.0
            ],
            "fov": 50,
            "aspect": 1
        },
        {
            "camera_to_world": [
                -0.5532989692550846,
                -0.2605647513652147,
                0.7911802961191873,
                2.7691310364171557,
                0.8329827432913968,
                -0.1730770649400435,
                0.5255321864267487,
                1.8393626524936209,
                0.0,
                0.9498159505597513,
                0.31280930303025856,
                1.094832560605905,
                0.0,
                0.0,
                0.0,
                1.0
            ],
            "fov": 50,
            "aspect": 1
        },
        {
            "camera_to_world": [
                -0.9995018667982281,
                0.0061763306137531445,
                -0.03094949445478598,
                -0.10832323059175096,
                -0.03155975707855199,
                -0.19560524382504377,
                0.980174765193069,
                3.4306116781757425,
                0.0,
                0.9806632661256843,
                0.19570272985246068,
                0.6849595544836126,
                0.0,
                0.0,
                0.0,
                1.0
            ],
            "fov": 50,
            "aspect": 1
        },
        {
            "camera_to_world": [
                0.7379133752076642,
                0.19961519555830406,
                -0.6446996388953953,
                -2.256448736133884,
                -0.674895436856431,
                0.21825413931269563,
                -0.7048980635405672,
                -2.4671432223919854,
                0.0,
                0.9552585536780577,
                0.2957720332027785,
                1.035202116209725,
                0.0,
                0.0,
                0.0,
                1.0
            ],
            "fov": 50,
            "aspect": 1
        },
        {
            "camera_to_world": [
                -0.534217499949605,
                -0.6654550603832805,
                0.521326409610983,
                1.8246424336384406,
                0.8453470664452524,
                -0.42053465706300264,
                0.3294524843756819,
                1.1530836953148866,
                0.0,
                0.6167010335804436,
                0.7871974562845161,
                2.7551910969958064,
                0.0,
                0.0,
                0.0,
                1.0
            ],
            "fov": 50,
            "aspect": 1
        },
        {
            "camera_to_world": [
                0.788641177832208,
                0.23924207044305643,
                -0.5663994388746756,
                -1.9823980360613644,
                -0.6148537164459752,
                0.3068634752861681,
                -0.726491372906704,
                -2.542719805173464,
                0.0,
                0.9211938119990901,
                0.3891040487255113,
                1.3618641705392895,
                0.0,
                0.0,
                0.0,
                1.0
            ],
            "fov": 50,
            "aspect": 1
        },
        {
            "camera_to_world": [
                -0.6444601294026289,
                0.691307478281534,
                -0.32674931076036434,
                -1.1436225876612751,
                -0.7646379153627858,
                -0.582655003053234,
                0.27539427337308414,
                0.9638799568057943,
                0.0,
                0.42732554088079283,
                0.9040978277326729,
                3.1643423970643547,
                0.0,
                0.0,
                0.0,
                1.0
            ],
            "fov": 50,
            "aspect": 1
        },
        {
            "camera_to_world": [
                0.894086948394226,
                -0.0787524403170663,
                0.440915617613175,
                1.5432046616461121,
                0.44789343454788505,
                0.15720598609077488,
                -0.880157797912469,
                -3.0805522926936404,
                -0.0,
                0.9844208099595082,
                0.17582852134584423,
                0.6153998247104546,
                0.0,
                0.0,
                0.0,
                1.0
            ],
            "fov": 50,
            "aspect": 1
        },
        {
            "camera_to_world": [
                0.10539449581063942,
                -0.9269732052765237,
                0.3600176064475029,
                1.26006162256626,
                0.9944304904078621,
                0.09824505035039818,
                -0.0381563864749614,
                -0.13354735266236487,
                -0.0,
                0.36203395804953953,
                0.9321649066656523,
                3.262577173329783,
                0.0,
                0.0,
                0.0,
                1.0
            ],
            "fov": 50,
            "aspect": 1
        },
        {
            "camera_to_world": [
                -0.9859631303057476,
                -0.046782041268124255,
                0.16027522045680964,
                0.5609632715988339,
                0.16696318659420528,
                -0.2762607062772322,
                0.9464688671528048,
                3.312641035034817,
                0.0,
                0.9599434685344718,
                0.2801937494270842,
                0.9806781229947947,
                0.0,
                0.0,
                0.0,
                1.0
            ],
            "fov": 50,
            "aspect": 1
        },
        {
            "camera_to_world": [
                -0.2469210369936872,
                -0.9083139753459986,
                0.33763252758155693,
                1.1817138465354493,
                0.9690356038298914,
                -0.2314484914918191,
                0.08603251882979586,
                0.30111381590428554,
                0.0,
                0.3484211790022386,
                0.9373380830963233,
                3.280683290837132,
                0.0,
                0.0,
                0.0,
                1.0
            ],
            "fov": 50,
            "aspect": 1
        },
        {
            "camera_to_world": [
                0.31823229752813814,
                0.18097276665795042,
                -0.9305788857147628,
                -3.2570261000016707,
                -0.948012766164023,
                0.06074958205111224,
                -0.3123800305247642,
                -1.093330106836675,
                0.0,
                0.9816100783960922,
                0.19089697218975946,
                0.6681394026641583,
                0.0,
                0.0,
                0.0,
                1.0
            ],
            "fov": 50,
            "aspect": 1
        },
        {
            "camera_to_world": [
                0.5370846363979216,
                -0.023209349984068473,
                0.8432090010303669,
                2.9512315036062846,
                0.8435283595382626,
                0.0147776718545052,
                -0.5368812970007878,
                -1.8790845395027576,
                -0.0,
                0.9996214015755553,
                0.0275146054327954,
                0.09630111901478391,
                0.0,
                0.0,
                0.0,
                1.0
            ],
            "fov": 50,
            "aspect": 1
        },
        {
            "camera_to_world": [
                -0.9846747772952323,
                -0.11926414865285861,
                0.12724639800282503,
                0.44536239300988767,
                0.17440063921495386,
                -0.6733713795011683,
                0.7184395606521882,
                2.5145384622826588,
                0.0,
                0.7296211675347711,
                0.6838515569077822,
                2.393480449177238,
                0.0,
                0.0,
                0.0,
                1.0
            ],
            "fov": 50,
            "aspect": 1
        },
        {
            "camera_to_world": [
                -0.9868568607980535,
                0.12512273107581642,
                -0.1022635734948678,
                -0.3579225072320373,
                -0.1615968325673845,
                -0.7641129076739166,
                0.6245141535868514,
                2.18579953755398,
                0.0,
                0.6328315466964661,
                0.7742895023863868,
                2.7100132583523537,
                0.0,
                0.0,
                0.0,
                1.0
            ],
            "fov": 50,
            "aspect": 1
        },
        {
            "camera_to_world": [
                -0.8897044995549067,
                0.22568619436259882,
                -0.39685217039330933,
                -1.3889825963765825,
                -0.45653685883152184,
                -0.4398199591720752,
                0.7733902637363114,
                2.7068659230770895,
                0.0,
                0.8692664408499855,
                0.4943438629253919,
                1.7302035202388715,
                0.0,
                0.0,
                0.0,
                1.0
            ],
            "fov": 50,
            "aspect": 1
        },
        {
            "camera_to_world": [
                -0.7744995796232874,
                0.15202903339959567,
                -0.6140338542514865,
                -2.1491184898802027,
                -0.6325744234185817,
                -0.1861384496423236,
                0.7517992261245027,
                2.6312972914357595,
                0.0,
                0.9706902959071636,
                0.2403338291453436,
                0.8411684020087026,
                0.0,
                0.0,
                0.0,
                1.0
            ],
            "fov": 50,
            "aspect": 1
        },
        {
            "camera_to_world": [
                -0.35593075124353657,
                -0.6767974824377663,
                0.6444055152503843,
                2.255419303376345,
                0.9345123328877001,
                -0.257774058068805,
                0.24543682418807636,
                0.8590288846582673,
                0.0,
                0.6895634145984268,
                0.7242253083449639,
                2.534788579207374,
                0.0,
                0.0,
                0.0,
                1.0
            ],
            "fov": 50,
            "aspect": 1
        },
        {
            "camera_to_world": [
                0.9864553877966321,
                0.12107739551430019,
                -0.1106617918817063,
                -0.38731627158597204,
                -0.16402977743994032,
                0.7281449198405292,
                -0.6655067301112988,
                -2.3292735553895456,
                0.0,
                0.6746445286266711,
                0.738142777512655,
                2.5834997212942925,
                0.0,
                0.0,
                0.0,
                1.0
            ],
            "fov": 50,
            "aspect": 1
        },
        {
            "camera_to_world": [
                -0.2290429492927314,
                0.5918434239081861,
                -0.7728264287379945,
                -2.704892500582981,
                -0.9734163176047991,
                -0.13925959620750342,
                0.18184454208151488,
                0.6364558972853022,
                0.0,
                0.7939320666409427,
                0.6080064749320041,
                2.1280226622620146,
                0.0,
                0.0,
                0.0,
                1.0
            ],
            "fov": 50,
            "aspect": 1
        },
        {
            "camera_to_world": [
                0.13798461067299578,
                0.5912019746977484,
                -0.7946322874958609,
                -2.7812130062355136,
                -0.9904343729987473,
                0.0823646437681523,
                -0.11070599911262076,
                -0.3874709968941727,
                0.0,
                0.8023068556172435,
                0.5969118104289541,
                2.0891913365013397,
                0.0,
                0.0,
                0.0,
                1.0
            ],
            "fov": 50,
            "aspect": 1
        },
        {
            "camera_to_world": [
                0.9983381912863384,
                -0.05600833602777941,
                0.013561788765564764,
                0.04746626067947668,
                0.05762686716387116,
                0.9702984673438316,
                -0.234946863037345,
                -0.8223140206307076,
                -0.0,
                0.23533794969279978,
                0.9719136018362893,
                3.401697606427013,
                0.0,
                0.0,
                0.0,
                1.0
            ],
            "fov": 50,
            "aspect": 1
        },
        {
            "camera_to_world": [
                0.9363491553297072,
                0.08890764844400079,
                -0.3396258078555014,
                -1.188690327494255,
                -0.35107016294943666,
                0.2371281023243228,
                -0.9058255923602079,
                -3.170389573260728,
                0.0,
                0.9674015159881773,
                0.25324752094300257,
                0.886366323300509,
                0.0,
                0.0,
                0.0,
                1.0
            ],
            "fov": 50,
            "aspect": 1
        },
        {
            "camera_to_world": [
                0.922447163608442,
                0.028775684313259546,
                -0.38504959465378447,
                -1.3476735812882452,
                -0.38612333567234713,
                0.06874499913204599,
                -0.9198820004454893,
                -3.2195870015592116,
                0.0,
                0.9972191760524056,
                0.07452459267491085,
                0.2608360743621879,
                0.0,
                0.0,
                0.0,
                1.0
            ],
            "fov": 50,
            "aspect": 1
        },
        {
            "camera_to_world": [
                -0.5601087351670186,
                0.680792815332498,
                -0.472016257539138,
                -1.6520569013869832,
                -0.8284190997252554,
                -0.46029600576947466,
                0.3191385001579489,
                1.1169847505528214,
                0.0,
                0.5697795447928252,
                0.8217975847711411,
                2.8762915466989942,
                0.0,
                0.0,
                0.0,
                1.0
            ],
            "fov": 50,
            "aspect": 1
        },
        {
            "camera_to_world": [
                -0.87763902654291,
                0.07609584961282305,
                -0.47324323636003085,
                -1.6563513272601078,
                -0.47932216628152446,
                -0.13933152288001732,
                0.8665085040800938,
                3.032779764280328,
                0.0,
                0.987317653242176,
                0.15875720958861106,
                0.5556502335601387,
                0.0,
                0.0,
                0.0,
                1.0
            ],
            "fov": 50,
            "aspect": 1
        },
        {
            "camera_to_world": [
                0.9789644232362308,
                -0.10203656337364854,
                0.17668389222747347,
                0.6183936227961572,
                0.20403102224356484,
                0.4895832227554381,
                -0.8477497330926417,
                -2.9671240658242457,
                -0.0,
                0.8659658236508498,
                0.5001031816222583,
                1.750361135677904,
                0.0,
                0.0,
                0.0,
                1.0
            ],
            "fov": 50,
            "aspect": 1
        },
        {
            "camera_to_world": [
                -0.4579446391408268,
                0.39382339102852554,
                -0.7969879824445103,
                -2.789457938555785,
                -0.8889807126603917,
                -0.2028720174929958,
                0.41055600962127403,
                1.4369460336744588,
                0.0,
                0.8965188682884007,
                0.4430055516614722,
                1.5505194308151524,
                0.0,
                0.0,
                0.0,
                1.0
            ],
            "fov": 50,
            "aspect": 1
        },
        {
            "camera_to_world": [
                0.7144325859061412,
                -0.36118277676632216,
                0.5992771328549366,
                2.0974699649922783,
                0.6997042805324719,
                0.3687854317449026,
                -0.6118915141896165,
                -2.141620299663658,
                -0.0,
                0.8564720118603381,
                0.5161934646040233,
                1.8066771261140815,
                0.0,
                0.0,
                0.0,
                1.0
            ],
            "fov": 50,
            "aspect": 1
        },
        {
            "camera_to_world": [
                -0.9745127618287491,
                0.18454351609823164,
                -0.1275482955550776,
                -0.44641903444277165,
                -0.2243320686680879,
                -0.8016687610390626,
                0.5540779011485576,
                1.9392726540199519,
                0.0,
                0.5685691587135168,
                0.8226354671176073,
                2.8792241349116257,
                0.0,
                0.0,
                0.0,
                1.0
            ],
            "fov": 50,
            "aspect": 1
        },
        {
            "camera_to_world": [
                -0.8416849228067195,
                -0.45167633107952804,
                0.29589691222177905,
                1.0356391927762267,
                0.5399689719973237,
                -0.7040574136177941,
                0.46123385349513957,
                1.6143184872329885,
                0.0,
                0.5479887318844787,
                0.8364857140009272,
                2.927699999003245,
                0.0,
                0.0,
                0.0,
                1.0
            ],
            "fov": 50,
            "aspect": 1
        },
        {
            "camera_to_world": [
                0.7068791354052151,
                -0.13339583415646833,
                0.6946419504741097,
                2.4312468266593843,
                0.7073343537032366,
                0.13330998476392866,
                -0.6941949006103874,
                -2.429682152136356,
                -0.0,
                0.98205600623994,
                0.18858950291057794,
                0.6600632601870229,
                0.0,
                0.0,
                0.0,
                1.0
            ],
            "fov": 50,
            "aspect": 1
        },
        {
            "camera_to_world": [
                -0.44859350638813594,
                0.05161978608963788,
                -0.8922439485423577,
                -3.1228538198982516,
                -0.8937359039595519,
                -0.02590955643425082,
                0.44784464813033426,
                1.5674562684561697,
                0.0,
                0.9983306529248916,
                0.057757314952823074,
                0.20215060233488075,
                0.0,
                0.0,
                0.0,
                1.0
            ],
            "fov": 50,
            "aspect": 1
        },
        {
            "camera_to_world": [
                -0.6682551881210582,
                -0.20892426997044986,
                0.7139927541415274,
                2.4989746394953465,
                0.7439321229448888,
                -0.18767132514655577,
                0.6413614193015095,
                2.244764967555284,
                0.0,
                0.9597552412646937,
                0.2808378123845677,
                0.9829323433459871,
                0.0,
                0.0,
                0.0,
                1.0
            ],
            "fov": 50,
            "aspect": 1
        },
        {
            "camera_to_world": [
                -0.19839092878158446,
                0.3404490958584944,
                -0.9190949094115983,
                -3.2168321829405944,
                -0.9801229715587633,
                -0.06891177361428459,
                0.18603797483350895,
                0.6511329119172814,
                0.0,
                0.937734280372893,
                0.347353450268646,
                1.2157370759402613,
                0.0,
                0.0,
                0.0,
                1.0
            ],
            "fov": 50,
            "aspect": 1
        },
        {
            "camera_to_world": [
                0.9981831148660689,
                0.02911696603478621,
                -0.05275103302496962,
                -0.18462861558739369,
                -0.06025337497827263,
                0.4823640810582467,
                -0.8738961174582256,
                -3.05863641110379,
                0.0,
                0.8754867763671604,
                0.4832420764029532,
                1.6913472674103365,
                0.0,
                0.0,
                0.0,
                1.0
            ],
            "fov": 50,
            "aspect": 1
        },
        {
            "camera_to_world": [
                0.4755491305603082,
                0.10727151111216711,
                -0.8731241878032283,
                -3.0559346573112984,
                -0.8796891635250118,
                0.05798965811840546,
                -0.4720001855168867,
                -1.652000649309103,
                0.0,
                0.9925371642689369,
                0.12194251738002353,
                0.42679881083008225,
                0.0,
                0.0,
                0.0,
                1.0
            ],
            "fov": 50,
            "aspect": 1
        },
        {
            "camera_to_world": [
                -0.885679411313138,
                0.4259965360744929,
                -0.18465896032564127,
                -0.6463063611397444,
                -0.4642972974033055,
                -0.8126180432279353,
                0.3522498196513209,
                1.232874368779623,
                0.0,
                0.3977170691244404,
                0.9175081105511085,
                3.2112783869288792,
                0.0,
                0.0,
                0.0,
                1.0
            ],
            "fov": 50,
            "aspect": 1
        },
        {
            "camera_to_world": [
                -0.9566518984191558,
                0.20264609738964862,
                -0.2091690810415592,
                -0.7320917836454574,
                -0.2912338326002412,
                -0.6656567749844594,
                0.6870836285826227,
                2.40479270003918,
                0.0,
                0.7182169707894919,
                0.695819217088725,
                2.435367259810538,
                0.0,
                0.0,
                0.0,
                1.0
            ],
            "fov": 50,
            "aspect": 1
        },
        {
            "camera_to_world": [
                -0.9991732643272143,
                0.02358311373057215,
                -0.03311532274445877,
                -0.1159036296056057,
                -0.0406544936470591,
                -0.5796066957257575,
                0.8138816194116749,
                2.8485856679408625,
                0.0,
                0.8145550411216176,
                0.580086273741553,
                2.0303019580954356,
                0.0,
                0.0,
                0.0,
                1.0
            ],
            "fov": 50,
            "aspect": 1
        },
        {
            "camera_to_world": [
                -0.9750600886149955,
                -0.09881620428680703,
                0.19872891425372663,
                0.6955511998880433,
                0.2219410362914371,
                -0.43413213941188117,
                0.8730815895089908,
                3.0557855632814683,
                0.0,
                0.895413113205302,
                0.44523629310736673,
                1.5583270258757838,
                0.0,
                0.0,
                0.0,
                1.0
            ],
            "fov": 50,
            "aspect": 1
        },
        {
            "camera_to_world": [
                0.9790809037878128,
                -0.17697985825436777,
                0.1003927966056513,
                0.3513747881197795,
                0.20347133419241092,
                0.8516069364742401,
                -0.48307871192065566,
                -1.6907754917222946,
                -0.0,
                0.4934001981365872,
                0.8698024169193694,
                3.0443084592177927,
                0.0,
                0.0,
                0.0,
                1.0
            ],
            "fov": 50,
            "aspect": 1
        },
        {
            "camera_to_world": [
                -0.875663165778343,
                0.09270555033036934,
                -0.47394060918747344,
                -1.6587921321561572,
                -0.4829223748171647,
                -0.16809913957341321,
                0.8593769017000794,
                3.0078191559502785,
                0.0,
                0.981401222850584,
                0.19196780924774468,
                0.6718873323671064,
                0.0,
                0.0,
                0.0,
                1.0
            ],
            "fov": 50,
            "aspect": 1
        },
        {
            "camera_to_world": [
                0.9705270179855827,
                -0.1282291240637371,
                0.20404558094175732,
                0.7141595332961508,
                0.24099233879941603,
                0.5164057497282717,
                -0.821734625221287,
                -2.8760711882745054,
                -0.0,
                0.8466890771643558,
                0.5320879688647091,
                1.8623078910264823,
                0.0,
                0.0,
                0.0,
                1.0
            ],
            "fov": 50,
            "aspect": 1
        },
        {
            "camera_to_world": [
                0.9923350059570402,
                -0.1122344513926989,
                0.05171715259776778,
                0.18101003409218722,
                0.12357684229757972,
                0.9012544172569482,
                -0.4152941601113575,
                -1.4535295603897511,
                -0.0,
                0.4185019752586822,
                0.9082158866175933,
                3.1787556031615765,
                0.0,
                0.0,
                0.0,
                1.0
            ],
            "fov": 50,
            "aspect": 1
        },
        {
            "camera_to_world": [
                0.029002681552643177,
                -0.8200406242309924,
                0.5715699599118207,
                2.0004948596913725,
                0.9995793337513316,
                0.02379338615930095,
                -0.016584037877381216,
                -0.05804413257083427,
                -0.0,
                0.5718105012903477,
                0.8203857328196787,
                2.871350064868876,
                0.0,
                0.0,
                0.0,
                1.0
            ],
            "fov": 50,
            "aspect": 1
        },
        {
            "camera_to_world": [
                -0.32262063524244006,
                0.9206718451514273,
                -0.2197254633883628,
                -0.7690391218592699,
                -0.9465283544172168,
                -0.31380754115439535,
                0.07489259909275434,
                0.2621240968246402,
                0.0,
                0.23213827917880925,
                0.9726827948205423,
                3.4043897818718984,
                0.0,
                0.0,
                0.0,
                1.0
            ],
            "fov": 50,
            "aspect": 1
        },
        {
            "camera_to_world": [
                0.8668573381975698,
                0.07416777203782483,
                -0.4930086173729313,
                -1.7255301608052591,
                -0.4985562708591921,
                0.12895811607775626,
                -0.8572114377938805,
                -3.000240032278581,
                0.0,
                0.98887256301741,
                0.14876509708724964,
                0.5206778398053736,
                0.0,
                0.0,
                0.0,
                1.0
            ],
            "fov": 50,
            "aspect": 1
        },
        {
            "camera_to_world": [
                -0.9948863216448462,
                -0.082321206281485,
                0.05851859533813697,
                0.2048150836834794,
                0.10100102476701624,
                -0.810885258834515,
                0.5764233600409463,
                2.017481760143312,
                0.0,
                0.5793861544783782,
                0.8150531786323866,
                2.852686125213353,
                0.0,
                0.0,
                0.0,
                1.0
            ],
            "fov": 50,
            "aspect": 1
        },
        {
            "camera_to_world": [
