{"seconds": 4, "camera_type": "perspective", "render_height": 512.0, "render_width": 512.0, "camera_path": [{"camera_to_world": [0.9983936548233032, 0.0010925144888460636, 0.0566476508975029, 0.25824734568595886, 3.2090167678688886e-07, 0.999813973903656, -0.019288208335638046, -0.08793176710605621, -0.05665818229317665, 0.01925724186003208, 0.9982079267501831, -3.4993217212786476e-09, 0.0, 0.0, 0.0, 1.0], "fov": 45.849934315712744, "aspect": 1}, {"camera_to_world": [0.9996691346168518, -5.279164543026127e-05, -0.02572266198694706, -0.1170942410826683, -1.4544998805376963e-07, 0.9999978542327881, -0.0020579881966114044, -0.009368332102894783, 0.025722716003656387, 0.002057311125099659, 0.9996669888496399, -3.0504276882226122e-09, 0.0, 0.0, 0.0, 1.0], "fov": 45.849934315712744, "aspect": 1}, {"camera_to_world": [0.9999743103981018, 8.150604844558984e-05, -0.007164517417550087, -0.032606273889541626, -4.039603496153177e-08, 0.9999353885650635, 0.011369974352419376, 0.051745638251304626, 0.0071649812161922455, -0.011369682848453522, 0.9999096989631653, -2.866350046204502e-09, 0.0, 0.0, 0.0, 1.0], "fov": 45.849934315712744, "aspect": 1}, {"camera_to_world": [0.9988406896591187, -0.0013241355773061514, -0.048120126128196716, -0.2193158119916916, -2.7234321464675304e-07, 0.9996214509010315, -0.027512529864907265, -0.1253931224346161, 0.0481383390724659, 0.02748064696788788, 0.9984625577926636, -3.4254159508861903e-09, 0.0, 0.0, 0.0, 1.0], "fov": 45.849934315712744, "aspect": 1}, {"camera_to_world": [0.9984616041183472, -0.0006981201004236937, 0.055443089455366135, 0.2527117431163788, 3.140480373531318e-07, 0.9999207854270935, 0.012584999203681946, 0.05736291781067848, -0.05544748529791832, -0.012565621174871922, 0.9983825087547302, -2.9711626492456844e-09, 0.0, 0.0, 0.0, 1.0], "fov": 45.849934315712744, "aspect": 1}, {"camera_to_world": [0.9998133778572083, -9.11006354726851e-05, -0.019317269325256348, -0.08792383223772049, -1.0919043802459782e-07, 0.999988853931427, -0.004721619188785553, -0.021490758284926414, 0.01931748352944851, 0.004720740485936403, 0.9998022317886353, -3.107085255749098e-09, 0.0, 0.0, 0.0, 1.0], "fov": 45.849934315712744, "aspect": 1}, {"camera_to_world": [0.9994724988937378, -0.0001980076776817441, -0.03247678279876709, -0.14787176251411438, -1.8368767484844284e-07, 0.9999814033508301, -0.0061024390161037445, -0.02778533287346363, 0.03247738629579544, 0.006099225953221321, 0.9994538426399231, -3.1035687353409003e-09, 0.0, 0.0, 0.0, 1.0], "fov": 45.849934315712744, "aspect": 1}, {"camera_to_world": [0.9993623495101929, 0.00014633058162871748, -0.035705726593732834, -0.162589892745018, -2.019647808992886e-07, 0.9999915957450867, 0.004092551302164793, 0.018635878339409828, 0.03570602834224701, -0.0040899342857301235, 0.9993539452552795, -2.929143816388091e-09, 0.0, 0.0, 0.0, 1.0], "fov": 45.849934315712744, "aspect": 1}, {"camera_to_world": [0.9999338984489441, -3.0000428523635492e-05, -0.011498273350298405, -0.0523284450173378, -6.492669513136207e-08, 0.9999966025352478, -0.002614761935546994, -0.011899731121957302, 0.011498312465846539, 0.002614589873701334, 0.9999305009841919, -3.087992972439224e-09, 0.0, 0.0, 0.0, 1.0], "fov": 45.849934315712744, "aspect": 1}, {"camera_to_world": [0.999972939491272, -3.519757592584938e-05, -0.007354979868978262, -0.033471349626779556, -4.1472080880566864e-08, 0.9999884963035583, -0.004791127052158117, -0.021803654730319977, 0.007355064153671265, 0.004790997598320246, 0.9999614953994751, -3.1320996907169274e-09, 0.0, 0.0, 0.0, 1.0], "fov": 45.849934315712744, "aspect": 1}, {"camera_to_world": [0.9999977946281433, -4.907390029984526e-05, 0.0020920527167618275, 0.009522869251668453, 1.2010575645149402e-08, 0.9997251033782959, 0.02344510890543461, 0.10672043263912201, -0.002092628041282296, -0.02344505675137043, 0.999722957611084, -2.6859077184582247e-09, 0.0, 0.0, 0.0, 1.0], "fov": 45.849934315712744, "aspect": 1}, {"camera_to_world": [0.9997718930244446, 0.0002242742630187422, 0.021357333287596703, 0.0972176268696785, 1.2107319946608186e-07, 0.999944806098938, -0.010506130754947662, -0.04782343655824661, -0.021358510479331017, 0.010503736324608326, 0.9997166991233826, -3.283568306144957e-09, 0.0, 0.0, 0.0, 1.0], "fov": 45.849934315712744, "aspect": 1}, {"camera_to_world": [0.9982791543006897, -0.0014970768243074417, -0.05862139165401459, -0.2673134207725525, -3.317952632642118e-07, 0.9996739029884338, -0.02553538605570793, -0.1164412871003151, 0.058640506118535995, 0.025491463020443916, 0.9979536533355713, -3.371973589239019e-09, 0.0, 0.0, 0.0, 1.0], "fov": 45.849934315712744, "aspect": 1}, {"camera_to_world": [0.9999849796295166, -0.00017194056999869645, -0.005477056372910738, -0.024936916306614876, -3.085609634467801e-08, 0.9995074272155762, -0.03138304874300957, -0.14288631081581116, 0.005479754414409399, 0.03138257935643196, 0.9994924068450928, -3.5739657899824806e-09, 0.0, 0.0, 0.0, 1.0], "fov": 45.849934315712744, "aspect": 1}, {"camera_to_world": [0.999976634979248, -0.00017591220967005938, -0.006836244836449623, -0.031120501458644867, -3.8547895542251354e-08, 0.9996689558029175, -0.025729406625032425, -0.1171274483203888, 0.006838507484644651, 0.025728804990649223, 0.9996455907821655, -3.4780485158592e-09, 0.0, 0.0, 0.0, 1.0], "fov": 45.849934315712744, "aspect": 1}, {"camera_to_world": [0.9993001222610474, 0.001167372683994472, -0.037388503551483154, -0.17034469544887543, -2.115922939083248e-07, 0.9995130896568298, 0.031201913952827454, 0.1421581655740738, 0.03740672022104263, -0.031180068850517273, 0.9988135695457458, -2.478792282545328e-09, 0.0, 0.0, 0.0, 1.0], "fov": 45.849934315712744, "aspect": 1}, {"camera_to_world": [0.9993771910667419, 0.0007151796016842127, -0.03527972847223282, -0.16067929565906525, -1.9959256292167993e-07, 0.9997947216033936, 0.020261872559785843, 0.09228142350912094, 0.03528697416186333, -0.020249247550964355, 0.999172031879425, -2.6635043059997088e-09, 0.0, 0.0, 0.0, 1.0], "fov": 45.849934315712744, "aspect": 1}, {"camera_to_world": [0.9997103214263916, -0.0006266611162573099, 0.024059288203716278, 0.10955463349819183, 1.364082748978035e-07, 0.9996610879898071, 0.026032041758298874, 0.11853763461112976, -0.02406744658946991, -0.02602449804544449, 0.9993715286254883, -2.6870217162411336e-09, 0.0, 0.0, 0.0, 1.0], "fov": 45.849934315712744, "aspect": 1}, {"camera_to_world": [0.9994735717773438, 0.0004297452687751502, -0.032441288232803345, -0.14772018790245056, -1.8349943786688527e-07, 0.9999123215675354, 0.013240047730505466, 0.06028806045651436, 0.03244413435459137, -0.013233071193099022, 0.9993859529495239, -2.7849522687972694e-09, 0.0, 0.0, 0.0, 1.0], "fov": 45.849934315712744, "aspect": 1}, {"camera_to_world": [0.9999707937240601, -0.0001109158547478728, -0.007645398378372192, -0.0347963385283947, -4.312019541430345e-08, 0.9998946785926819, -0.01451164297759533, -0.06604652106761932, 0.00764620304107666, 0.01451121922582388, 0.9998654723167419, -3.2916060987986384e-09, 0.0, 0.0, 0.0, 1.0], "fov": 45.849934315712744, "aspect": 1}, {"camera_to_world": [0.999614417552948, 0.0008644280023872852, 0.027753068134188652, 0.12640494108200073, 1.5734845248971396e-07, 0.9995151162147522, -0.031137680634856224, -0.14182060956954956, -0.027766525745391846, 0.03112567961215973, 0.9991297125816345, -3.6364868893912217e-09, 0.0, 0.0, 0.0, 1.0], "fov": 45.849934315712744, "aspect": 1}, {"camera_to_world": [0.9993513822555542, -0.0010085840476676822, -0.0359966978430748, -0.163979634642601, -2.03690234457099e-07, 0.9996075630187988, -0.028013449162244797, -0.1276126652956009, 0.036010827869176865, 0.027995286509394646, 0.9989591836929321, -3.4577170016092396e-09, 0.0, 0.0, 0.0, 1.0], "fov": 45.849934315712744, "aspect": 1}, {"camera_to_world": [0.9981200098991394, -0.0006109812529757619, -0.06128639727830887, -0.27943313121795654, -3.4679069926824013e-07, 0.9999502301216125, -0.009974431246519089, -0.045478057116270065, 0.06128944084048271, 0.009955701418220997, 0.9980703592300415, -3.1098859043510174e-09, 0.0, 0.0, 0.0, 1.0], "fov": 45.849934315712744, "aspect": 1}, {"camera_to_world": [0.9991926550865173, 0.0005851970054209232, 0.04017103463411331, 0.18297210335731506, 2.275934747331121e-07, 0.999893844127655, -0.014571750536561012, -0.06637179106473923, -0.04017529636621475, 0.014559994451701641, 0.9990865588188171, -3.3882945338348236e-09, 0.0, 0.0, 0.0, 1.0], "fov": 45.849934315712744, "aspect": 1}, {"camera_to_world": [0.9994949698448181, -0.00016613976913504303, 0.03177767992019653, 0.14468465745449066, 1.8005772517426522e-07, 0.9999863505363464, 0.005222455598413944, 0.02377799153327942, -0.03177811577916145, -0.0052198125049471855, 0.9994813203811646, -3.0453057853208065e-09, 0.0, 0.0, 0.0, 1.0], "fov": 45.849934315712744, "aspect": 1}, {"camera_to_world": [0.9983507394790649, 0.0003647172125056386, 0.05740749090909958, 0.26167917251586914, 3.251500118039985e-07, 0.9999797940254211, -0.006358655169606209, -0.028984500095248222, -0.0574086494743824, 0.006348187103867531, 0.9983305931091309, -3.2875333566551035e-09, 0.0, 0.0, 0.0, 1.0], "fov": 45.849934315712744, "aspect": 1}, {"camera_to_world": [0.9999501705169678, -0.0001571672037243843, -0.009983996860682964, -0.04544173553586006, -5.636126942931696e-08, 0.9998760223388672, -0.015745606273412704, -0.0716654509305954, 0.009985233657062054, 0.015744822099804878, 0.999826192855835, -3.3072684590962353e-09, 0.0, 0.0, 0.0, 1.0], "fov": 45.849934315712744, "aspect": 1}, {"camera_to_world": [0.9991299510002136, 0.0006242556846700609, 0.04170046001672745, 0.18995141983032227, 2.362537543376675e-07, 0.9998878836631775, -0.014973977580666542, -0.06820855289697647, -0.04170513525605202, 0.014960959553718567, 0.9990179538726807, -3.398001657828331e-09, 0.0, 0.0, 0.0, 1.0], "fov": 45.849934315712744, "aspect": 1}, {"camera_to_world": [0.9999839067459106, -0.00011992797954007983, -0.0056754667311906815, -0.025833342224359512, -3.1971179481615764e-08, 0.9997767210006714, -0.021131860092282295, -0.096187062561512, 0.005676733795553446, 0.021131519228219986, 0.9997605681419373, -3.4045970487284194e-09, 0.0, 0.0, 0.0, 1.0], "fov": 45.849934315712744, "aspect": 1}, {"camera_to_world": [0.9994604587554932, 0.0006160788470879197, -0.03283899649977684, -0.149546280503273, -1.8576744764686737e-07, 0.9998241662979126, 0.018751634284853935, 0.0853935107588768, 0.03284477815032005, -0.018741510808467865, 0.9992847442626953, -2.6933102414972154e-09, 0.0, 0.0, 0.0, 1.0], "fov": 45.849934315712744, "aspect": 1}, {"camera_to_world": [0.9987791776657104, -0.0015476169064640999, 0.04937417432665825, 0.22507046163082123, 2.7980479444522643e-07, 0.9995092749595642, 0.0313236229121685, 0.14278766512870789, -0.04939842224121094, -0.0312853679060936, 0.9982890486717224, -2.6499402672186534e-09, 0.0, 0.0, 0.0, 1.0], "fov": 45.849934315712744, "aspect": 1}, {"camera_to_world": [0.9996514916419983, 0.00014528335304930806, 0.026399308815598488, 0.12017814815044403, 1.4961101157950907e-07, 0.9999848008155823, -0.005508883390575647, -0.02507820539176464, -0.026399707421660423, 0.005506967194378376, 0.9996362924575806, -3.2113376402520544e-09, 0.0, 0.0, 0.0, 1.0], "fov": 45.849934315712744, "aspect": 1}, {"camera_to_world": [0.9997686147689819, -0.0006426039035432041, -0.02150057628750801, -0.09790830314159393, -1.2160310802755703e-07, 0.9995535016059875, -0.029880061745643616, -0.13606640696525574, 0.021510176360607147, 0.02987315133213997, 0.999322235584259, -3.517284241638663e-09, 0.0, 0.0, 0.0, 1.0], "fov": 45.849934315712744, "aspect": 1}, {"camera_to_world": [0.9996174573898315, -0.0005434938357211649, -0.027651581913232803, -0.1259056031703949, -1.563993805575592e-07, 0.9998067617416382, -0.01965692825615406, -0.08950363844633102, 0.02765692211687565, 0.019649414345622063, 0.9994243383407593, -3.336523057839713e-09, 0.0, 0.0, 0.0, 1.0], "fov": 45.849934315712744, "aspect": 1}, {"camera_to_world": [0.9982052445411682, 0.0008876919746398926, 0.05987938866019249, 0.27301105856895447, 3.3917388009285787e-07, 0.9998900294303894, -0.014828691259026527, -0.06760918349027634, -0.05988596752285957, 0.014802097342908382, 0.9980954527854919, -3.432262030145239e-09, 0.0, 0.0, 0.0, 1.0], "fov": 45.849934315712744, "aspect": 1}, {"camera_to_world": [0.9998341202735901, -9.586640226189047e-05, -0.01821208745241165, -0.0828920304775238, -1.029343010827688e-07, 0.9999861121177673, -0.005269466899335384, -0.023983890190720558, 0.018212338909506798, 0.005268594715744257, 0.9998202323913574, -3.118313163241737e-09, 0.0, 0.0, 0.0, 1.0], "fov": 45.849934315712744, "aspect": 1}, {"camera_to_world": [0.9997419714927673, -9.751490142662078e-05, -0.022714441642165184, -0.10339347273111343, -1.2842154717418452e-07, 0.9999907612800598, -0.004298692103475332, -0.019567137584090233, 0.022714650258421898, 0.004297586157917976, 0.9997327327728271, -3.0933400285704238e-09, 0.0, 0.0, 0.0, 1.0], "fov": 45.849934315712744, "aspect": 1}, {"camera_to_world": [0.9990279674530029, 0.0007190488977357745, 0.04407518357038498, 0.2007933259010315, 2.49703589361161e-07, 0.9998668432235718, -0.01631763204932213, -0.07433823496103287, -0.04408104717731476, 0.016301780939102173, 0.9988949298858643, -3.4249363345395523e-09, 0.0, 0.0, 0.0, 1.0], "fov": 45.849934315712744, "aspect": 1}, {"camera_to_world": [0.9996861219406128, 0.00010784342157421634, 0.02505185268819332, 0.11403947323560715, 1.419822268644566e-07, 0.999990701675415, -0.004310433752834797, -0.019621681421995163, -0.025052085518836975, 0.004309084732085466, 0.9996768832206726, -3.1889015872366144e-09, 0.0, 0.0, 0.0, 1.0], "fov": 45.849934315712744, "aspect": 1}, {"camera_to_world": [0.9998257756233215, 0.00023714883718639612, -0.01866583526134491, -0.08496364206075668, -1.0551002560532652e-07, 0.9999193549156189, 0.01269829273223877, 0.057800427079200745, 0.01866734027862549, -0.012696078047156334, 0.9997451305389404, -2.8214779401736223e-09, 0.0, 0.0, 0.0, 1.0], "fov": 45.849934315712744, "aspect": 1}, {"camera_to_world": [0.999805212020874, 4.2021580156870186e-05, -0.019737467169761658, -0.08983632922172546, -1.1156818402469071e-07, 0.9999977350234985, 0.002123369602486491, 0.009664655663073063, 0.01973751187324524, -0.0021229537669569254, 0.9998029470443726, -2.993514325311253e-09, 0.0, 0.0, 0.0, 1.0], "fov": 45.849934315712744, "aspect": 1}, {"camera_to_world": [0.9995313882827759, 0.000358790421159938, 0.03060929849743843, 0.13936758041381836, 1.734530599151185e-07, 0.9999312162399292, -0.011726473458111286, -0.0533919520676136, -0.030611399561166763, 0.011720983311533928, 0.9994626641273499, -3.3222038453573077e-09, 0.0, 0.0, 0.0, 1.0], "fov": 45.849934315712744, "aspect": 1}, {"camera_to_world": [0.998272716999054, -0.0010176163632422686, -0.058740969747304916, -0.2678132653236389, -3.32413890191674e-07, 0.9998498558998108, -0.01732683926820755, -0.078996941447258, 0.05874978378415108, 0.01729693077504635, 0.9981228709220886, -3.2362663660023827e-09, 0.0, 0.0, 0.0, 1.0], "fov": 45.849934315712744, "aspect": 1}, {"camera_to_world": [0.9995309114456177, 0.0009460353176109493, -0.030611425638198853, -0.13943427801132202, -1.7320735423709266e-07, 0.9995229840278625, 0.03088424913585186, 0.14067697525024414, 0.030626041814684868, -0.030869755893945694, 0.9990541338920593, -2.497708706528101e-09, 0.0, 0.0, 0.0, 1.0], "fov": 45.849934315712744, "aspect": 1}, {"camera_to_world": [0.9998478293418884, 9.94743313640356e-05, 0.01744597777724266, 0.07940419763326645, 9.892628582974794e-08, 0.9999837279319763, -0.005707425530999899, -0.025976959615945816, -0.017446262761950493, 0.005706558469682932, 0.99983149766922, -3.1967066771443342e-09, 0.0, 0.0, 0.0, 1.0], "fov": 45.849934315712744, "aspect": 1}, {"camera_to_world": [0.9999866485595703, 3.679555811686441e-05, -0.005165909416973591, -0.02350923977792263, -2.9080185370844447e-08, 0.9999746680259705, 0.007116955239325762, 0.03238814324140549, 0.005166040267795324, -0.007116860244423151, 0.9999613165855408, -2.9403826040663716e-09, 0.0, 0.0, 0.0, 1.0], "fov": 45.849934315712744, "aspect": 1}, {"camera_to_world": [0.9998636841773987, -0.0002307872928213328, -0.016510771587491035, -0.07515259832143784, -9.331097317044623e-08, 0.9999022483825684, -0.013982268050312996, -0.06364353001117706, 0.01651238463819027, 0.013980363495647907, 0.999765932559967, -3.26521121252199e-09, 0.0, 0.0, 0.0, 1.0], "fov": 45.849934315712744, "aspect": 1}, {"camera_to_world": [0.9998268485069275, 0.0004608866584021598, -0.018603293225169182, -0.08469800651073456, -1.0517977244717258e-07, 0.9996933937072754, 0.024761216714978218, 0.1127341240644455, 0.018609000369906425, -0.02475692704319954, 0.9995203018188477, -2.6228235139313938e-09, 0.0, 0.0, 0.0, 1.0], "fov": 45.849934315712744, "aspect": 1}, {"camera_to_world": [0.999883234500885, -9.085013880394399e-05, 0.01528233103454113, 0.06955413520336151, 8.66779714669974e-08, 0.9999823570251465, 0.005939006805419922, 0.02703007683157921, -0.015282601118087769, -0.005938312038779259, 0.9998655915260315, -3.000586890067325e-09, 0.0, 0.0, 0.0, 1.0], "fov": 45.849934315712744, "aspect": 1}, {"camera_to_world": [0.9997958540916443, -0.0003110651741735637, -0.020202377811074257, -0.09196395426988602, -1.1421330725625012e-07, 0.999881386756897, -0.015401280485093594, -0.07010870426893234, 0.02020477131009102, 0.015398139134049416, 0.999677300453186, -3.281231508722726e-09, 0.0, 0.0, 0.0, 1.0], "fov": 45.849934315712744, "aspect": 1}], "keyframes": [{"matrix": "[0.998393654823,0.000000320902,-0.056658182293,0,0.001092514489,0.999813973904,0.019257241860,0,0.056647650898,-0.019288208336,0.998207926750,0,0.258247345686,-0.087931767106,-0.000000003499,1.000000000000]", "fov": 45.849934315712744, "aspect": 1, "properties": "[[\"FOV\",45.849934315712744],[\"NAME\",\"Camera 0\"],[\"TIME\",0]]"}, {"matrix": "[0.999669134617,-0.000000145450,0.025722716004,0,-0.000052791645,0.999997854233,0.002057311125,0,-0.025722661987,-0.002057988197,0.999666988850,0,-0.117094241083,-0.009368332103,-0.000000003050,1.000000000000]", "fov": 45.849934315712744, "aspect": 1, "properties": "[[\"FOV\",45.849934315712744],[\"NAME\",\"Camera 1\"],[\"TIME\",1]]"}, {"matrix": "[0.999974310398,-0.000000040396,0.007164981216,0,0.000081506048,0.999935388565,-0.011369682848,0,-0.007164517418,0.011369974352,0.999909698963,0,-0.032606273890,0.051745638251,-0.000000002866,1.000000000000]", "fov": 45.849934315712744, "aspect": 1, "properties": "[[\"FOV\",45.849934315712744],[\"NAME\",\"Camera 2\"],[\"TIME\",2]]"}, {"matrix": "[0.998840689659,-0.000000272343,0.048138339072,0,-0.001324135577,0.999621450901,0.027480646968,0,-0.048120126128,-0.027512529865,0.998462557793,0,-0.219315811992,-0.125393122435,-0.000000003425,1.000000000000]", "fov": 45.849934315712744, "aspect": 1, "properties": "[[\"FOV\",45.849934315712744],[\"NAME\",\"Camera 3\"],[\"TIME\",3]]"}, {"matrix": "[0.998461604118,0.000000314048,-0.055447485298,0,-0.000698120100,0.999920785427,-0.012565621175,0,0.055443089455,0.012584999204,0.998382508755,0,0.252711743116,0.057362917811,-0.000000002971,1.000000000000]", "fov": 45.849934315712744, "aspect": 1, "properties": "[[\"FOV\",45.849934315712744],[\"NAME\",\"Camera 4\"],[\"TIME\",4]]"}, {"matrix": "[0.999813377857,-0.000000109190,0.019317483529,0,-0.000091100635,0.999988853931,0.004720740486,0,-0.019317269325,-0.004721619189,0.999802231789,0,-0.087923832238,-0.021490758285,-0.000000003107,1.000000000000]", "fov": 45.849934315712744, "aspect": 1, "properties": "[[\"FOV\",45.849934315712744],[\"NAME\",\"Camera 5\"],[\"TIME\",5]]"}, {"matrix": "[0.999472498894,-0.000000183688,0.032477386296,0,-0.000198007678,0.999981403351,0.006099225953,0,-0.032476782799,-0.006102439016,0.999453842640,0,-0.147871762514,-0.027785332873,-0.000000003104,1.000000000000]", "fov": 45.849934315712744, "aspect": 1, "properties": "[[\"FOV\",45.849934315712744],[\"NAME\",\"Camera 6\"],[\"TIME\",6]]"}, {"matrix": "[0.999362349510,-0.000000201965,0.035706028342,0,0.000146330582,0.999991595745,-0.004089934286,0,-0.035705726594,0.004092551302,0.999353945255,0,-0.162589892745,0.018635878339,-0.000000002929,1.000000000000]", "fov": 45.849934315712744, "aspect": 1, "properties": "[[\"FOV\",45.849934315712744],[\"NAME\",\"Camera 7\"],[\"TIME\",7]]"}, {"matrix": "[0.999933898449,-0.000000064927,0.011498312466,0,-0.000030000429,0.999996602535,0.002614589874,0,-0.011498273350,-0.002614761936,0.999930500984,0,-0.052328445017,-0.011899731122,-0.000000003088,1.000000000000]", "fov": 45.849934315712744, "aspect": 1, "properties": "[[\"FOV\",45.849934315712744],[\"NAME\",\"Camera 8\"],[\"TIME\",8]]"}, {"matrix": "[0.999972939491,-0.000000041472,0.007355064154,0,-0.000035197576,0.999988496304,0.004790997598,0,-0.007354979869,-0.004791127052,0.999961495399,0,-0.033471349627,-0.021803654730,-0.000000003132,1.000000000000]", "fov": 45.849934315712744, "aspect": 1, "properties": "[[\"FOV\",45.849934315712744],[\"NAME\",\"Camera 9\"],[\"TIME\",9]]"}, {"matrix": "[0.999997794628,0.000000012011,-0.002092628041,0,-0.000049073900,0.999725103378,-0.023445056751,0,0.002092052717,0.023445108905,0.999722957611,0,0.009522869252,0.106720432639,-0.000000002686,1.000000000000]", "fov": 45.849934315712744, "aspect": 1, "properties": "[[\"FOV\",45.849934315712744],[\"NAME\",\"Camera 10\"],[\"TIME\",10]]"}, {"matrix": "[0.999771893024,0.000000121073,-0.021358510479,0,0.000224274263,0.999944806099,0.010503736325,0,0.021357333288,-0.010506130755,0.999716699123,0,0.097217626870,-0.047823436558,-0.000000003284,1.000000000000]", "fov": 45.849934315712744, "aspect": 1, "properties": "[[\"FOV\",45.849934315712744],[\"NAME\",\"Camera 11\"],[\"TIME\",11]]"}, {"matrix": "[0.998279154301,-0.000000331795,0.058640506119,0,-0.001497076824,0.999673902988,0.025491463020,0,-0.058621391654,-0.025535386056,0.997953653336,0,-0.267313420773,-0.116441287100,-0.000000003372,1.000000000000]", "fov": 45.849934315712744, "aspect": 1, "properties": "[[\"FOV\",45.849934315712744],[\"NAME\",\"Camera 12\"],[\"TIME\",12]]"}, {"matrix": "[0.999984979630,-0.000000030856,0.005479754414,0,-0.000171940570,0.999507427216,0.031382579356,0,-0.005477056373,-0.031383048743,0.999492406845,0,-0.024936916307,-0.142886310816,-0.000000003574,1.000000000000]", "fov": 45.849934315712744, "aspect": 1, "properties": "[[\"FOV\",45.849934315712744],[\"NAME\",\"Camera 13\"],[\"TIME\",13]]"}, {"matrix": "[0.999976634979,-0.000000038548,0.006838507485,0,-0.000175912210,0.999668955803,0.025728804991,0,-0.006836244836,-0.025729406625,0.999645590782,0,-0.031120501459,-0.117127448320,-0.000000003478,1.000000000000]", "fov": 45.849934315712744, "aspect": 1, "properties": "[[\"FOV\",45.849934315712744],[\"NAME\",\"Camera 14\"],[\"TIME\",14]]"}, {"matrix": "[0.999300122261,-0.000000211592,0.037406720221,0,0.001167372684,0.999513089657,-0.031180068851,0,-0.037388503551,0.031201913953,0.998813569546,0,-0.170344695449,0.142158165574,-0.000000002479,1.000000000000]", "fov": 45.849934315712744, "aspect": 1, "properties": "[[\"FOV\",45.849934315712744],[\"NAME\",\"Camera 15\"],[\"TIME\",15]]"}, {"matrix": "[0.999377191067,-0.000000199593,0.035286974162,0,0.000715179602,0.999794721603,-0.020249247551,0,-0.035279728472,0.020261872560,0.999172031879,0,-0.160679295659,0.092281423509,-0.000000002664,1.000000000000]", "fov": 45.849934315712744, "aspect": 1, "properties": "[[\"FOV\",45.849934315712744],[\"NAME\",\"Camera 16\"],[\"TIME\",16]]"}, {"matrix": "[0.999710321426,0.000000136408,-0.024067446589,0,-0.000626661116,0.999661087990,-0.026024498045,0,0.024059288204,0.026032041758,0.999371528625,0,0.109554633498,0.118537634611,-0.000000002687,1.000000000000]", "fov": 45.849934315712744, "aspect": 1, "properties": "[[\"FOV\",45.849934315712744],[\"NAME\",\"Camera 17\"],[\"TIME\",17]]"}, {"matrix": "[0.999473571777,-0.000000183499,0.032444134355,0,0.000429745269,0.999912321568,-0.013233071193,0,-0.032441288233,0.013240047731,0.999385952950,0,-0.147720187902,0.060288060457,-0.000000002785,1.000000000000]", "fov": 45.849934315712744, "aspect": 1, "properties": "[[\"FOV\",45.849934315712744],[\"NAME\",\"Camera 18\"],[\"TIME\",18]]"}, {"matrix": "[0.999970793724,-0.000000043120,0.007646203041,0,-0.000110915855,0.999894678593,0.014511219226,0,-0.007645398378,-0.014511642978,0.999865472317,0,-0.034796338528,-0.066046521068,-0.000000003292,1.000000000000]", "fov": 45.849934315712744, "aspect": 1, "properties": "[[\"FOV\",45.849934315712744],[\"NAME\",\"Camera 19\"],[\"TIME\",19]]"}, {"matrix": "[0.999614417553,0.000000157348,-0.027766525745,0,0.000864428002,0.999515116215,0.031125679612,0,0.027753068134,-0.031137680635,0.999129712582,0,0.126404941082,-0.141820609570,-0.000000003636,1.000000000000]", "fov": 45.849934315712744, "aspect": 1, "properties": "[[\"FOV\",45.849934315712744],[\"NAME\",\"Camera 20\"],[\"TIME\",20]]"}, {"matrix": "[0.999351382256,-0.000000203690,0.036010827869,0,-0.001008584048,0.999607563019,0.027995286509,0,-0.035996697843,-0.028013449162,0.998959183693,0,-0.163979634643,-0.127612665296,-0.000000003458,1.000000000000]", "fov": 45.849934315712744, "aspect": 1, "properties": "[[\"FOV\",45.849934315712744],[\"NAME\",\"Camera 21\"],[\"TIME\",21]]"}, {"matrix": "[0.998120009899,-0.000000346791,0.061289440840,0,-0.000610981253,0.999950230122,0.009955701418,0,-0.061286397278,-0.009974431247,0.998070359230,0,-0.279433131218,-0.045478057116,-0.000000003110,1.000000000000]", "fov": 45.849934315712744, "aspect": 1, "properties": "[[\"FOV\",45.849934315712744],[\"NAME\",\"Camera 22\"],[\"TIME\",22]]"}, {"matrix": "[0.999192655087,0.000000227593,-0.040175296366,0,0.000585197005,0.999893844128,0.014559994452,0,0.040171034634,-0.014571750537,0.999086558819,0,0.182972103357,-0.066371791065,-0.000000003388,1.000000000000]", "fov": 45.849934315712744, "aspect": 1, "properties": "[[\"FOV\",45.849934315712744],[\"NAME\",\"Camera 23\"],[\"TIME\",23]]"}, {"matrix": "[0.999494969845,0.000000180058,-0.031778115779,0,-0.000166139769,0.999986350536,-0.005219812505,0,0.031777679920,0.005222455598,0.999481320381,0,0.144684657454,0.023777991533,-0.000000003045,1.000000000000]", "fov": 45.849934315712744, "aspect": 1, "properties": "[[\"FOV\",45.849934315712744],[\"NAME\",\"Camera 24\"],[\"TIME\",24]]"}, {"matrix": "[0.998350739479,0.000000325150,-0.057408649474,0,0.000364717213,0.999979794025,0.006348187104,0,0.057407490909,-0.006358655170,0.998330593109,0,0.261679172516,-0.028984500095,-0.000000003288,1.000000000000]", "fov": 45.849934315712744, "aspect": 1, "properties": "[[\"FOV\",45.849934315712744],[\"NAME\",\"Camera 25\"],[\"TIME\",25]]"}, {"matrix": "[0.999950170517,-0.000000056361,0.009985233657,0,-0.000157167204,0.999876022339,0.015744822100,0,-0.009983996861,-0.015745606273,0.999826192856,0,-0.045441735536,-0.071665450931,-0.000000003307,1.000000000000]", "fov": 45.849934315712744, "aspect": 1, "properties": "[[\"FOV\",45.849934315712744],[\"NAME\",\"Camera 26\"],[\"TIME\",26]]"}, {"matrix": "[0.999129951000,0.000000236254,-0.041705135256,0,0.000624255685,0.999887883663,0.014960959554,0,0.041700460017,-0.014973977581,0.999017953873,0,0.189951419830,-0.068208552897,-0.000000003398,1.000000000000]", "fov": 45.849934315712744, "aspect": 1, "properties": "[[\"FOV\",45.849934315712744],[\"NAME\",\"Camera 27\"],[\"TIME\",27]]"}, {"matrix": "[0.999983906746,-0.000000031971,0.005676733796,0,-0.000119927980,0.999776721001,0.021131519228,0,-0.005675466731,-0.021131860092,0.999760568142,0,-0.025833342224,-0.096187062562,-0.000000003405,1.000000000000]", "fov": 45.849934315712744, "aspect": 1, "properties": "[[\"FOV\",45.849934315712744],[\"NAME\",\"Camera 28\"],[\"TIME\",28]]"}, {"matrix": "[0.999460458755,-0.000000185767,0.032844778150,0,0.000616078847,0.999824166298,-0.018741510808,0,-0.032838996500,0.018751634285,0.999284744263,0,-0.149546280503,0.085393510759,-0.000000002693,1.000000000000]", "fov": 45.849934315712744, "aspect": 1, "properties": "[[\"FOV\",45.849934315712744],[\"NAME\",\"Camera 29\"],[\"TIME\",29]]"}, {"matrix": "[0.998779177666,0.000000279805,-0.049398422241,0,-0.001547616906,0.999509274960,-0.031285367906,0,0.049374174327,0.031323622912,0.998289048672,0,0.225070461631,0.142787665129,-0.000000002650,1.000000000000]", "fov": 45.849934315712744, "aspect": 1, "properties": "[[\"FOV\",45.849934315712744],[\"NAME\",\"Camera 30\"],[\"TIME\",30]]"}, {"matrix": "[0.999651491642,0.000000149611,-0.026399707422,0,0.000145283353,0.999984800816,0.005506967194,0,0.026399308816,-0.005508883391,0.999636292458,0,0.120178148150,-0.025078205392,-0.000000003211,1.000000000000]", "fov": 45.849934315712744, "aspect": 1, "properties": "[[\"FOV\",45.849934315712744],[\"NAME\",\"Camera 31\"],[\"TIME\",31]]"}, {"matrix": "[0.999768614769,-0.000000121603,0.021510176361,0,-0.000642603904,0.999553501606,0.029873151332,0,-0.021500576288,-0.029880061746,0.999322235584,0,-0.097908303142,-0.136066406965,-0.000000003517,1.000000000000]", "fov": 45.849934315712744, "aspect": 1, "properties": "[[\"FOV\",45.849934315712744],[\"NAME\",\"Camera 32\"],[\"TIME\",32]]"}, {"matrix": "[0.999617457390,-0.000000156399,0.027656922117,0,-0.000543493836,0.999806761742,0.019649414346,0,-0.027651581913,-0.019656928256,0.999424338341,0,-0.125905603170,-0.089503638446,-0.000000003337,1.000000000000]", "fov": 45.849934315712744, "aspect": 1, "properties": "[[\"FOV\",45.849934315712744],[\"NAME\",\"Camera 33\"],[\"TIME\",33]]"}, {"matrix": "[0.998205244541,0.000000339174,-0.059885967523,0,0.000887691975,0.999890029430,0.014802097343,0,0.059879388660,-0.014828691259,0.998095452785,0,0.273011058569,-0.067609183490,-0.000000003432,1.000000000000]", "fov": 45.849934315712744, "aspect": 1, "properties": "[[\"FOV\",45.849934315712744],[\"NAME\",\"Camera 34\"],[\"TIME\",34]]"}, {"matrix": "[0.999834120274,-0.000000102934,0.018212338910,0,-0.000095866402,0.999986112118,0.005268594716,0,-0.018212087452,-0.005269466899,0.999820232391,0,-0.082892030478,-0.023983890191,-0.000000003118,1.000000000000]", "fov": 45.849934315712744, "aspect": 1, "properties": "[[\"FOV\",45.849934315712744],[\"NAME\",\"Camera 35\"],[\"TIME\",35]]"}, {"matrix": "[0.999741971493,-0.000000128422,0.022714650258,0,-0.000097514901,0.999990761280,0.004297586158,0,-0.022714441642,-0.004298692103,0.999732732773,0,-0.103393472731,-0.019567137584,-0.000000003093,1.000000000000]", "fov": 45.849934315712744, "aspect": 1, "properties": "[[\"FOV\",45.849934315712744],[\"NAME\",\"Camera 36\"],[\"TIME\",36]]"}, {"matrix": "[0.999027967453,0.000000249704,-0.044081047177,0,0.000719048898,0.999866843224,0.016301780939,0,0.044075183570,-0.016317632049,0.998894929886,0,0.200793325901,-0.074338234961,-0.000000003425,1.000000000000]", "fov": 45.849934315712744, "aspect": 1, "properties": "[[\"FOV\",45.849934315712744],[\"NAME\",\"Camera 37\"],[\"TIME\",37]]"}, {"matrix": "[0.999686121941,0.000000141982,-0.025052085519,0,0.000107843422,0.999990701675,0.004309084732,0,0.025051852688,-0.004310433753,0.999676883221,0,0.114039473236,-0.019621681422,-0.000000003189,1.000000000000]", "fov": 45.849934315712744, "aspect": 1, "properties": "[[\"FOV\",45.849934315712744],[\"NAME\",\"Camera 38\"],[\"TIME\",38]]"}, {"matrix": "[0.999825775623,-0.000000105510,0.018667340279,0,0.000237148837,0.999919354916,-0.012696078047,0,-0.018665835261,0.012698292732,0.999745130539,0,-0.084963642061,0.057800427079,-0.000000002821,1.000000000000]", "fov": 45.849934315712744, "aspect": 1, "properties": "[[\"FOV\",45.849934315712744],[\"NAME\",\"Camera 39\"],[\"TIME\",39]]"}, {"matrix": "[0.999805212021,-0.000000111568,0.019737511873,0,0.000042021580,0.999997735023,-0.002122953767,0,-0.019737467170,0.002123369602,0.999802947044,0,-0.089836329222,0.009664655663,-0.000000002994,1.000000000000]", "fov": 45.849934315712744, "aspect": 1, "properties": "[[\"FOV\",45.849934315712744],[\"NAME\",\"Camera 40\"],[\"TIME\",40]]"}, {"matrix": "[0.999531388283,0.000000173453,-0.030611399561,0,0.000358790421,0.999931216240,0.011720983312,0,0.030609298497,-0.011726473458,0.999462664127,0,0.139367580414,-0.053391952068,-0.000000003322,1.000000000000]", "fov": 45.849934315712744, "aspect": 1, "properties": "[[\"FOV\",45.849934315712744],[\"NAME\",\"Camera 41\"],[\"TIME\",41]]"}, {"matrix": "[0.998272716999,-0.000000332414,0.058749783784,0,-0.001017616363,0.999849855900,0.017296930775,0,-0.058740969747,-0.017326839268,0.998122870922,0,-0.267813265324,-0.078996941447,-0.000000003236,1.000000000000]", "fov": 45.849934315712744, "aspect": 1, "properties": "[[\"FOV\",45.849934315712744],[\"NAME\",\"Camera 42\"],[\"TIME\",42]]"}, {"matrix": "[0.999530911446,-0.000000173207,0.030626041815,0,0.000946035318,0.999522984028,-0.030869755894,0,-0.030611425638,0.030884249136,0.999054133892,0,-0.139434278011,0.140676975250,-0.000000002498,1.000000000000]", "fov": 45.849934315712744, "aspect": 1, "properties": "[[\"FOV\",45.849934315712744],[\"NAME\",\"Camera 43\"],[\"TIME\",43]]"}, {"matrix": "[0.999847829342,0.000000098926,-0.017446262762,0,0.000099474331,0.999983727932,0.005706558470,0,0.017445977777,-0.005707425531,0.999831497669,0,0.079404197633,-0.025976959616,-0.000000003197,1.000000000000]", "fov": 45.849934315712744, "aspect": 1, "properties": "[[\"FOV\",45.849934315712744],[\"NAME\",\"Camera 44\"],[\"TIME\",44]]"}, {"matrix": "[0.999986648560,-0.000000029080,0.005166040268,0,0.000036795558,0.999974668026,-0.007116860244,0,-0.005165909417,0.007116955239,0.999961316586,0,-0.023509239778,0.032388143241,-0.000000002940,1.000000000000]", "fov": 45.849934315712744, "aspect": 1, "properties": "[[\"FOV\",45.849934315712744],[\"NAME\",\"Camera 45\"],[\"TIME\",45]]"}, {"matrix": "[0.999863684177,-0.000000093311,0.016512384638,0,-0.000230787293,0.999902248383,0.013980363496,0,-0.016510771587,-0.013982268050,0.999765932560,0,-0.075152598321,-0.063643530011,-0.000000003265,1.000000000000]", "fov": 45.849934315712744, "aspect": 1, "properties": "[[\"FOV\",45.849934315712744],[\"NAME\",\"Camera 46\"],[\"TIME\",46]]"}, {"matrix": "[0.999826848507,-0.000000105180,0.018609000370,0,0.000460886658,0.999693393707,-0.024756927043,0,-0.018603293225,0.024761216715,0.999520301819,0,-0.084698006511,0.112734124064,-0.000000002623,1.000000000000]", "fov": 45.849934315712744, "aspect": 1, "properties": "[[\"FOV\",45.849934315712744],[\"NAME\",\"Camera 47\"],[\"TIME\",47]]"}, {"matrix": "[0.999883234501,0.000000086678,-0.015282601118,0,-0.000090850139,0.999982357025,-0.005938312039,0,0.015282331035,0.005939006805,0.999865591526,0,0.069554135203,0.027030076832,-0.000000003001,1.000000000000]", "fov": 45.849934315712744, "aspect": 1, "properties": "[[\"FOV\",45.849934315712744],[\"NAME\",\"Camera 48\"],[\"TIME\",48]]"}, {"matrix": "[0.999795854092,-0.000000114213,0.020204771310,0,-0.000311065174,0.999881386757,0.015398139134,0,-0.020202377811,-0.015401280485,0.999677300453,0,-0.091963954270,-0.070108704269,-0.000000003281,1.000000000000]", "fov": 45.849934315712744, "aspect": 1, "properties": "[[\"FOV\",45.849934315712744],[\"NAME\",\"Camera 49\"],[\"TIME\",49]]"}], "fps": 24, "is_cycle": false, "crop": null, "smoothness_value": 0.5}