{"seconds": 4, "camera_type": "perspective", "render_height": 512.0, "render_width": 512.0, "camera_path": [{"camera_to_world": [0.9997823238372803, -0.00025890133110806346, 0.02086135745048523, 0.09689255058765411, 2.818756729539018e-05, 0.9999388456344604, 0.011058918200433254, 0.0513642281293869, -0.020862944424152374, -0.01105592306703329, 0.9997212290763855, -6.949526509814064e-10, 0.0, 0.0, 0.0, 1.0], "fov": 48.3431204299424, "aspect": 1}, {"camera_to_world": [0.994198739528656, 0.006140960846096277, 0.10738305002450943, 0.5023799538612366, 0.00014531717170029879, 0.9982911944389343, -0.058435119688510895, -0.273382306098938, -0.10755839943885803, 0.058111727237701416, 0.9924989938735962, 9.94530291453799e-11, 0.0, 0.0, 0.0, 1.0], "fov": 48.3431204299424, "aspect": 1}, {"camera_to_world": [0.9988839030265808, 0.0034689651802182198, 0.0471050962805748, 0.2195824682712555, 6.381421553669497e-05, 0.997199296951294, -0.07479006052017212, -0.34863704442977905, -0.04723261296749115, 0.07470959424972534, 0.9960861206054688, -2.320790448706589e-09, 0.0, 0.0, 0.0, 1.0], "fov": 48.3431204299424, "aspect": 1}, {"camera_to_world": [0.9972830414772034, -0.003699452383443713, -0.0735720843076706, -0.3430042862892151, -9.952406253432855e-05, 0.9986696243286133, -0.051565539091825485, -0.24040637910366058, 0.07366497069597244, 0.051432762295007706, 0.9959558844566345, -5.540232717038407e-09, 0.0, 0.0, 0.0, 1.0], "fov": 48.3431204299424, "aspect": 1}, {"camera_to_world": [0.9958797097206116, 0.00687472615391016, 0.09042340517044067, 0.4228607714176178, 0.00012251945736352354, 0.9970194101333618, -0.07715093344449997, -0.3607926070690155, -0.09068427979946136, 0.07684412598609924, 0.9929105639457703, -9.908289744231524e-10, 0.0, 0.0, 0.0, 1.0], "fov": 48.3431204299424, "aspect": 1}, {"camera_to_world": [0.9924460053443909, 0.002089520450681448, -0.12266424298286438, -0.5739724040031433, -0.00016574826440773904, 0.999876856803894, 0.015691345557570457, 0.07342323660850525, 0.12268192321062088, -0.015552482567727566, 0.99232417345047, -5.195809560376574e-09, 0.0, 0.0, 0.0, 1.0], "fov": 48.3431204299424, "aspect": 1}, {"camera_to_world": [0.9985848665237427, -0.003293014829978347, -0.053079910576343536, -0.24731062352657318, -7.185049616964534e-05, 0.9979966878890991, -0.06326624751091003, -0.2947709262371063, 0.053181909024715424, 0.06318052858114243, 0.9965841174125671, -5.2149924378852575e-09, 0.0, 0.0, 0.0, 1.0], "fov": 48.3431204299424, "aspect": 1}, {"camera_to_world": [0.9993329644203186, 0.000573279510717839, 0.03651389479637146, 0.16968277096748352, 4.9338763346895576e-05, 0.9998546838760376, -0.017048360779881477, -0.07922493666410446, -0.036518361419439316, 0.01703879050910473, 0.999187707901001, -9.994627347964524e-10, 0.0, 0.0, 0.0, 1.0], "fov": 48.3431204299424, "aspect": 1}, {"camera_to_world": [0.998181164264679, -0.0051972693763673306, 0.06006096675992012, 0.28040069341659546, 8.144909224938601e-05, 0.9963922500610352, 0.08486739546060562, 0.39621201157569885, -0.06028536334633827, -0.08470814675092697, 0.9945803880691528, 2.7063364882451424e-09, 0.0, 0.0, 0.0, 1.0], "fov": 48.3431204299424, "aspect": 1}, {"camera_to_world": [0.9999927878379822, -0.000173123087733984, 0.0037923858035355806, 0.017626604065299034, 5.129774763190653e-06, 0.9990203380584717, 0.04425281658768654, 0.20568205416202545, -0.0037963318172842264, -0.04425247758626938, 0.9990131855010986, -2.8844890365142817e-10, 0.0, 0.0, 0.0, 1.0], "fov": 48.3431204299424, "aspect": 1}, {"camera_to_world": [0.9938428401947021, 0.004798665177077055, 0.11069504916667938, 0.5176911950111389, 0.00014969524636399, 0.9990026354789734, -0.04465107247233391, -0.208821102976799, -0.1107989102602005, 0.044392719864845276, 0.9928508996963501, 6.045873246485201e-10, 0.0, 0.0, 0.0, 1.0], "fov": 48.3431204299424, "aspect": 1}, {"camera_to_world": [0.9953768849372864, 0.0007557073258794844, -0.09604302793741226, -0.44803720712661743, -0.00012976177094969898, 0.9999787211418152, 0.006523423362523317, 0.030431581661105156, 0.09604591876268387, -0.006480802316218615, 0.9953557848930359, -4.5911892065930715e-09, 0.0, 0.0, 0.0, 1.0], "fov": 48.3431204299424, "aspect": 1}, {"camera_to_world": [0.9999976754188538, -2.1247946278890595e-05, -0.00214524008333683, -0.009961615316569805, -2.8977060537727084e-06, 0.9999366402626038, -0.011254824697971344, -0.05226289480924606, 0.002145343227311969, 0.011254805140197277, 0.9999343752861023, -2.0744823636675847e-09, 0.0, 0.0, 0.0, 1.0], "fov": 48.3431204299424, "aspect": 1}, {"camera_to_world": [0.9995338320732117, 0.0024142509792000055, 0.030434997752308846, 0.14184419810771942, 4.1248986235586926e-05, 0.9967608451843262, -0.08042256534099579, -0.3748142123222351, -0.030530575662851334, 0.08038633316755295, 0.9962961077690125, -3.020048655599794e-09, 0.0, 0.0, 0.0, 1.0], "fov": 48.3431204299424, "aspect": 1}, {"camera_to_world": [0.9998642206192017, 0.00020167574984952807, -0.016477184370160103, -0.07652338594198227, -2.226234028057661e-05, 0.9999406933784485, 0.010888054966926575, 0.050566401332616806, 0.01647840440273285, -0.010886209085583687, 0.9998049736022949, -1.898607493444615e-09, 0.0, 0.0, 0.0, 1.0], "fov": 48.3431204299424, "aspect": 1}, {"camera_to_world": [0.9969949722290039, -0.003461370011791587, -0.07738885283470154, -0.36080512404441833, -0.00010465963714523241, 0.9989401698112488, -0.046027906239032745, -0.21459294855594635, 0.07746615260839462, 0.04589768871665001, 0.9959379434585571, -5.5036286639165155e-09, 0.0, 0.0, 0.0, 1.0], "fov": 48.3431204299424, "aspect": 1}, {"camera_to_world": [0.9990962147712708, 0.001884485362097621, 0.042463432997465134, 0.1975550651550293, 5.7427252613706514e-05, 0.9989559650421143, -0.045683853328228, -0.21253752708435059, -0.04250518977642059, 0.04564500227570534, 0.9980530142784119, -1.631307200433696e-09, 0.0, 0.0, 0.0, 1.0], "fov": 48.3431204299424, "aspect": 1}, {"camera_to_world": [0.998301088809967, -0.000810046389233321, -0.058260805904865265, -0.2710142135620117, -7.871985872043297e-05, 0.9998837113380432, -0.015251046977937222, -0.07094388455152512, 0.05826638266444206, 0.015229722484946251, 0.9981849193572998, -3.994520270111934e-09, 0.0, 0.0, 0.0, 1.0], "fov": 48.3431204299424, "aspect": 1}, {"camera_to_world": [0.9922853708267212, 0.005066040903329849, -0.12387098371982574, -0.5800944566726685, -0.00016749449423514307, 0.9992185831069946, 0.03952402621507645, 0.18509319424629211, 0.12397442013025284, -0.0391983687877655, 0.9915108680725098, -4.547473508864641e-09, 0.0, 0.0, 0.0, 1.0], "fov": 48.3431204299424, "aspect": 1}, {"camera_to_world": [0.9991689920425415, -0.003508826717734337, 0.04060853272676468, 0.18939562141895294, 5.5069154768716544e-05, 0.9964030385017395, 0.08474037796258926, 0.3952237069606781, -0.04075980558991432, -0.08466771990060806, 0.9955751895904541, 2.0711603543333013e-09, 0.0, 0.0, 0.0, 1.0], "fov": 48.3431204299424, "aspect": 1}, {"camera_to_world": [0.9994637370109558, 0.0012377297971397638, 0.032721538096666336, 0.15213404595851898, 4.424065264174715e-05, 0.9992334246635437, -0.03914846107363701, -0.18201503157615662, -0.03274490684270859, 0.03912891820073128, 0.9986975193023682, -1.7565005006048295e-09, 0.0, 0.0, 0.0, 1.0], "fov": 48.3431204299424, "aspect": 1}, {"camera_to_world": [0.999757707118988, -0.000709540385287255, 0.022001691162586212, 0.10223397612571716, 2.9741491744061932e-05, 0.9995230436325073, 0.030882518738508224, 0.14350001513957977, -0.022013109177350998, -0.030874382704496384, 0.9992808103561401, -8.819116270597505e-11, 0.0, 0.0, 0.0, 1.0], "fov": 48.3431204299424, "aspect": 1}, {"camera_to_world": [0.9997393488883972, -0.0017911746399477124, -0.022760923951864243, -0.106051504611969, -3.084536365349777e-05, 0.9968109726905823, -0.07979904115200043, -0.3718130886554718, 0.022831274196505547, 0.07977893948554993, 0.9965510964393616, -4.715041690417365e-09, 0.0, 0.0, 0.0, 1.0], "fov": 48.3431204299424, "aspect": 1}, {"camera_to_world": [0.9999204277992249, 0.0008682849002070725, 0.012583157047629356, 0.058576494455337524, 1.7041595128830522e-05, 0.9975337982177734, -0.0701877772808075, -0.3267344832420349, -0.012613067403435707, 0.07018240541219711, 0.9974544048309326, -3.29826566058955e-09, 0.0, 0.0, 0.0, 1.0], "fov": 48.3431204299424, "aspect": 1}, {"camera_to_world": [0.9936441779136658, 0.0034842819441109896, 0.11251257359981537, 0.5260458588600159, 0.00015208323020488024, 0.9994783997535706, -0.03229488804936409, -0.15099278092384338, -0.11256640404462814, 0.03210673853754997, 0.9931253790855408, 1.0199935340793331e-09, 0.0, 0.0, 0.0, 1.0], "fov": 48.3431204299424, "aspect": 1}, {"camera_to_world": [0.9999463558197021, 0.0004928471753373742, -0.01034516841173172, -0.048089686781167984, -1.399189295625547e-05, 0.9989305138587952, 0.04623693972826004, 0.2149333506822586, 0.010356892831623554, -0.04623431712388992, 0.9988769292831421, -6.854889988971991e-10, 0.0, 0.0, 0.0, 1.0], "fov": 48.3431204299424, "aspect": 1}, {"camera_to_world": [0.9993074536323547, 0.0004139741649851203, 0.03720756247639656, 0.1728990525007248, 5.0272974476683885e-05, 0.9999221563339233, -0.012475423514842987, -0.05797172337770462, -0.037209831178188324, 0.012468654662370682, 0.9992296695709229, -8.457841094156038e-10, 0.0, 0.0, 0.0, 1.0], "fov": 48.3431204299424, "aspect": 1}, {"camera_to_world": [0.9999895691871643, -0.00038058197242207825, -0.004545537754893303, -0.021182745695114136, -6.161963028716855e-06, 0.9963996410369873, -0.08478064835071564, -0.3950883746147156, 0.004561438225209713, 0.08477979153394699, 0.9963892698287964, -4.272347364775442e-09, 0.0, 0.0, 0.0, 1.0], "fov": 48.3431204299424, "aspect": 1}, {"camera_to_world": [0.9946276545524597, -0.0001772747782524675, 0.10351695865392685, 0.48325642943382263, 0.00013985707482788712, 0.9999999403953552, 0.00036872256896458566, 0.0017213851679116488, -0.10351701825857162, -0.00035226409090682864, 0.9946275949478149, 1.6687190518283046e-09, 0.0, 0.0, 0.0, 1.0], "fov": 48.3431204299424, "aspect": 1}, {"camera_to_world": [0.9967973232269287, 0.00569172203540802, 0.0797668918967247, 0.37255263328552246, 0.00010804344492498785, 0.9973672032356262, -0.07251673191785812, -0.3386906087398529, -0.079969622194767, 0.07229310274124146, 0.9941722750663757, -1.2018828154936045e-09, 0.0, 0.0, 0.0, 1.0], "fov": 48.3431204299424, "aspect": 1}, {"camera_to_world": [0.9994138479232788, 0.0019225586438551545, 0.03418055549263954, 0.15906688570976257, 4.6253229811554775e-05, 0.998345136642456, -0.05750647559762001, -0.26761919260025024, -0.03423454985022545, 0.057474348694086075, 0.9977598190307617, -2.2380208797301293e-09, 0.0, 0.0, 0.0, 1.0], "fov": 48.3431204299424, "aspect": 1}, {"camera_to_world": [0.9946169257164001, -0.008073172532022, -0.10330536961555481, -0.48379600048065186, -0.00013999504153616726, 0.9968547224998474, -0.07925069332122803, -0.37114396691322327, 0.103620246052742, 0.0788385421037674, 0.991487443447113, -7.3220243201888024e-09, 0.0, 0.0, 0.0, 1.0], "fov": 48.3431204299424, "aspect": 1}, {"camera_to_world": [0.9968590140342712, 0.005084664095193148, -0.07903344184160233, -0.3688614070415497, -0.00010699777340050787, 0.9980224370956421, 0.06285879760980606, 0.29337188601493835, 0.0791967585682869, -0.06265290081501007, 0.994888186454773, -2.4176665114339357e-09, 0.0, 0.0, 0.0, 1.0], "fov": 48.3431204299424, "aspect": 1}, {"camera_to_world": [0.9935118556022644, 0.0032298360019922256, 0.11368261277675629, 0.5315449833869934, 0.00015365310537163168, 0.999557614326477, -0.029741253703832626, -0.13906089961528778, -0.11372838169336319, 0.029565755277872086, 0.9930718541145325, 1.1318014303540735e-09, 0.0, 0.0, 0.0, 1.0], "fov": 48.3431204299424, "aspect": 1}, {"camera_to_world": [0.9965870380401611, -0.0036008774768561125, -0.0824703499674797, -0.3846350908279419, -0.00011152660590596497, 0.9989885091781616, -0.044966235756874084, -0.20971886813640594, 0.0825488492846489, 0.04482196271419525, 0.9955785870552063, -5.638205902158688e-09, 0.0, 0.0, 0.0, 1.0], "fov": 48.3431204299424, "aspect": 1}, {"camera_to_world": [0.9950112700462341, 0.0026008524000644684, 0.09972849488258362, 0.46556606888771057, 0.00013478429173119366, 0.9996241331100464, -0.027414297685027122, -0.1279790848493576, -0.09976231306791306, 0.02729097753763199, 0.9946369528770447, 7.442674809787775e-10, 0.0, 0.0, 0.0, 1.0], "fov": 48.3431204299424, "aspect": 1}, {"camera_to_world": [0.9999381899833679, 0.0005535237141884863, -0.011103827506303787, -0.051622141152620316, -1.5019651073089335e-05, 0.9988261461257935, 0.04843872785568237, 0.22519376873970032, 0.011117605492472649, -0.04843556880950928, 0.9987644553184509, -6.464483393031628e-10, 0.0, 0.0, 0.0, 1.0], "fov": 48.3431204299424, "aspect": 1}, {"camera_to_world": [0.9993063807487488, -0.0006523702759295702, -0.03723394498229027, -0.17303912341594696, -5.031172258895822e-05, 0.9998219609260559, -0.01886802352964878, -0.08768624067306519, 0.03723962604999542, 0.01885680854320526, 0.9991284608840942, -3.4208249566347604e-09, 0.0, 0.0, 0.0, 1.0], "fov": 48.3431204299424, "aspect": 1}, {"camera_to_world": [0.999228835105896, -0.0015561273321509361, 0.03923416510224342, 0.1824502944946289, 5.304957085172646e-05, 0.9992669820785522, 0.038282398134469986, 0.17802433669567108, -0.039264976978302, -0.038250796496868134, 0.998496413230896, 6.798214768899413e-10, 0.0, 0.0, 0.0, 1.0], "fov": 48.3431204299424, "aspect": 1}, {"camera_to_world": [0.9995667338371277, 0.002159940544515848, 0.02935520000755787, 0.13674643635749817, 3.97681760659907e-05, 0.9972039461135864, -0.07472789287567139, -0.34810763597488403, -0.029434530064463615, 0.07469668239355087, 0.9967718124389648, -2.8901119275559495e-09, 0.0, 0.0, 0.0, 1.0], "fov": 48.3431204299424, "aspect": 1}, {"camera_to_world": [0.9999905824661255, 0.00032799417385831475, 0.004328581970185041, 0.02015881985425949, 5.865629645995796e-06, 0.9970384240150452, -0.07690471410751343, -0.35815557837486267, -0.00434098718687892, 0.07690401375293732, 0.9970290660858154, -3.7581564527044975e-09, 0.0, 0.0, 0.0, 1.0], "fov": 48.3431204299424, "aspect": 1}, {"camera_to_world": [0.9952282905578613, -0.00837597157806158, 0.09721334278583527, 0.45518240332603455, 0.00013182700786273926, 0.9964232444763184, 0.08450295031070709, 0.39566853642463684, -0.0975734293460846, -0.08408691734075546, 0.9916697144508362, 3.911136303713647e-09, 0.0, 0.0, 0.0, 1.0], "fov": 48.3431204299424, "aspect": 1}, {"camera_to_world": [0.9985451102256775, -0.0012362139532342553, 0.05390844866633415, 0.2507361173629761, 7.285266474355012e-05, 0.9997671842575073, 0.02157694101333618, 0.10035756230354309, -0.05392257496714592, -0.021541621536016464, 0.9983127117156982, 6.71488642467466e-10, 0.0, 0.0, 0.0, 1.0], "fov": 48.3431204299424, "aspect": 1}, {"camera_to_world": [0.9923677444458008, 0.0078114792704582214, 0.12306606769561768, 0.5770366191864014, 0.00016660320397932082, 0.9979057312011719, -0.06468437612056732, -0.3032943606376648, -0.12331361323595047, 0.06421118974685669, 0.9902881979942322, 4.3051007203587233e-10, 0.0, 0.0, 0.0, 1.0], "fov": 48.3431204299424, "aspect": 1}, {"camera_to_world": [0.9998558759689331, -0.0006847715121693909, -0.016964130103588104, -0.07884937524795532, -2.2937223548069596e-05, 0.99913090467453, -0.04168267548084259, -0.1937413513660431, 0.016977928578853607, 0.04167705774307251, 0.9989868998527527, -3.425675076940138e-09, 0.0, 0.0, 0.0, 1.0], "fov": 48.3431204299424, "aspect": 1}, {"camera_to_world": [0.9993792176246643, -9.077523827727418e-06, -0.03523067757487297, -0.16368834674358368, -4.7597495722584426e-05, 0.9999986886978149, -0.001607844838872552, -0.0074703022837638855, 0.035230644047260284, 0.001608523540198803, 0.9993779063224792, -2.8600708468218272e-09, 0.0, 0.0, 0.0, 1.0], "fov": 48.3431204299424, "aspect": 1}, {"camera_to_world": [0.9995315074920654, 0.0015987870283424854, 0.030564013868570328, 0.14218869805335999, 4.135058043175377e-05, 0.9985632300376892, -0.05358658358454704, -0.2492932826280594, -0.030605772510170937, 0.053562745451927185, 0.9980953335762024, -2.241347996090326e-09, 0.0, 0.0, 0.0, 1.0], "fov": 48.3431204299424, "aspect": 1}, {"camera_to_world": [0.9980041980743408, 0.001811876310966909, -0.06312178820371628, -0.29378923773765564, -8.531478670192882e-05, 0.9996260404586792, 0.027344824746251106, 0.12727172672748566, 0.06314773112535477, -0.027284864336252213, 0.9976311326026917, -2.9260305289824373e-09, 0.0, 0.0, 0.0, 1.0], "fov": 48.3431204299424, "aspect": 1}, {"camera_to_world": [0.9962779879570007, 0.005188991315662861, -0.08604224771261215, -0.4017084836959839, -0.00011645744234556332, 0.9982665777206421, 0.058854494243860245, 0.2747761309146881, 0.08619849383831024, -0.058625414967536926, 0.9945515990257263, -2.7597293339454154e-09, 0.0, 0.0, 0.0, 1.0], "fov": 48.3431204299424, "aspect": 1}, {"camera_to_world": [0.9964305758476257, 0.0029304949566721916, 0.08436549454927444, 0.39339348673820496, 0.00011405111581552774, 0.9993495941162109, -0.0360601581633091, -0.1681472510099411, -0.08441630005836487, 0.03594106435775757, 0.995782196521759, -3.0495638566468974e-12, 0.0, 0.0, 0.0, 1.0], "fov": 48.3431204299424, "aspect": 1}], "keyframes": [{"matrix": "[0.999782323837,0.000028187567,-0.020862944424,0,-0.000258901331,0.999938845634,-0.011055923067,0,0.020861357450,0.011058918200,0.999721229076,0,0.096892550588,0.051364228129,-0.000000000695,1.000000000000]", "fov": 48.3431204299424, "aspect": 1, "properties": "[[\"FOV\",48.3431204299424],[\"NAME\",\"Camera 0\"],[\"TIME\",0]]"}, {"matrix": "[0.994198739529,0.000145317172,-0.107558399439,0,0.006140960846,0.998291194439,0.058111727238,0,0.107383050025,-0.058435119689,0.992498993874,0,0.502379953861,-0.273382306099,0.000000000099,1.000000000000]", "fov": 48.3431204299424, "aspect": 1, "properties": "[[\"FOV\",48.3431204299424],[\"NAME\",\"Camera 1\"],[\"TIME\",1]]"}, {"matrix": "[0.998883903027,0.000063814216,-0.047232612967,0,0.003468965180,0.997199296951,0.074709594250,0,0.047105096281,-0.074790060520,0.996086120605,0,0.219582468271,-0.348637044430,-0.000000002321,1.000000000000]", "fov": 48.3431204299424, "aspect": 1, "properties": "[[\"FOV\",48.3431204299424],[\"NAME\",\"Camera 2\"],[\"TIME\",2]]"}, {"matrix": "[0.997283041477,-0.000099524063,0.073664970696,0,-0.003699452383,0.998669624329,0.051432762295,0,-0.073572084308,-0.051565539092,0.995955884457,0,-0.343004286289,-0.240406379104,-0.000000005540,1.000000000000]", "fov": 48.3431204299424, "aspect": 1, "properties": "[[\"FOV\",48.3431204299424],[\"NAME\",\"Camera 3\"],[\"TIME\",3]]"}, {"matrix": "[0.995879709721,0.000122519457,-0.090684279799,0,0.006874726154,0.997019410133,0.076844125986,0,0.090423405170,-0.077150933444,0.992910563946,0,0.422860771418,-0.360792607069,-0.000000000991,1.000000000000]", "fov": 48.3431204299424, "aspect": 1, "properties": "[[\"FOV\",48.3431204299424],[\"NAME\",\"Camera 4\"],[\"TIME\",4]]"}, {"matrix": "[0.992446005344,-0.000165748264,0.122681923211,0,0.002089520451,0.999876856804,-0.015552482568,0,-0.122664242983,0.015691345558,0.992324173450,0,-0.573972404003,0.073423236609,-0.000000005196,1.000000000000]", "fov": 48.3431204299424, "aspect": 1, "properties": "[[\"FOV\",48.3431204299424],[\"NAME\",\"Camera 5\"],[\"TIME\",5]]"}, {"matrix": "[0.998584866524,-0.000071850496,0.053181909025,0,-0.003293014830,0.997996687889,0.063180528581,0,-0.053079910576,-0.063266247511,0.996584117413,0,-0.247310623527,-0.294770926237,-0.000000005215,1.000000000000]", "fov": 48.3431204299424, "aspect": 1, "properties": "[[\"FOV\",48.3431204299424],[\"NAME\",\"Camera 6\"],[\"TIME\",6]]"}, {"matrix": "[0.999332964420,0.000049338763,-0.036518361419,0,0.000573279511,0.999854683876,0.017038790509,0,0.036513894796,-0.017048360780,0.999187707901,0,0.169682770967,-0.079224936664,-0.000000000999,1.000000000000]", "fov": 48.3431204299424, "aspect": 1, "properties": "[[\"FOV\",48.3431204299424],[\"NAME\",\"Camera 7\"],[\"TIME\",7]]"}, {"matrix": "[0.998181164265,0.000081449092,-0.060285363346,0,-0.005197269376,0.996392250061,-0.084708146751,0,0.060060966760,0.084867395461,0.994580388069,0,0.280400693417,0.396212011576,0.000000002706,1.000000000000]", "fov": 48.3431204299424, "aspect": 1, "properties": "[[\"FOV\",48.3431204299424],[\"NAME\",\"Camera 8\"],[\"TIME\",8]]"}, {"matrix": "[0.999992787838,0.000005129775,-0.003796331817,0,-0.000173123088,0.999020338058,-0.044252477586,0,0.003792385804,0.044252816588,0.999013185501,0,0.017626604065,0.205682054162,-0.000000000288,1.000000000000]", "fov": 48.3431204299424, "aspect": 1, "properties": "[[\"FOV\",48.3431204299424],[\"NAME\",\"Camera 9\"],[\"TIME\",9]]"}, {"matrix": "[0.993842840195,0.000149695246,-0.110798910260,0,0.004798665177,0.999002635479,0.044392719865,0,0.110695049167,-0.044651072472,0.992850899696,0,0.517691195011,-0.208821102977,0.000000000605,1.000000000000]", "fov": 48.3431204299424, "aspect": 1, "properties": "[[\"FOV\",48.3431204299424],[\"NAME\",\"Camera 10\"],[\"TIME\",10]]"}, {"matrix": "[0.995376884937,-0.000129761771,0.096045918763,0,0.000755707326,0.999978721142,-0.006480802316,0,-0.096043027937,0.006523423363,0.995355784893,0,-0.448037207127,0.030431581661,-0.000000004591,1.000000000000]", "fov": 48.3431204299424, "aspect": 1, "properties": "[[\"FOV\",48.3431204299424],[\"NAME\",\"Camera 11\"],[\"TIME\",11]]"}, {"matrix": "[0.999997675419,-0.000002897706,0.002145343227,0,-0.000021247946,0.999936640263,0.011254805140,0,-0.002145240083,-0.011254824698,0.999934375286,0,-0.009961615317,-0.052262894809,-0.000000002074,1.000000000000]", "fov": 48.3431204299424, "aspect": 1, "properties": "[[\"FOV\",48.3431204299424],[\"NAME\",\"Camera 12\"],[\"TIME\",12]]"}, {"matrix": "[0.999533832073,0.000041248986,-0.030530575663,0,0.002414250979,0.996760845184,0.080386333168,0,0.030434997752,-0.080422565341,0.996296107769,0,0.141844198108,-0.374814212322,-0.000000003020,1.000000000000]", "fov": 48.3431204299424, "aspect": 1, "properties": "[[\"FOV\",48.3431204299424],[\"NAME\",\"Camera 13\"],[\"TIME\",13]]"}, {"matrix": "[0.999864220619,-0.000022262340,0.016478404403,0,0.000201675750,0.999940693378,-0.010886209086,0,-0.016477184370,0.010888054967,0.999804973602,0,-0.076523385942,0.050566401333,-0.000000001899,1.000000000000]", "fov": 48.3431204299424, "aspect": 1, "properties": "[[\"FOV\",48.3431204299424],[\"NAME\",\"Camera 14\"],[\"TIME\",14]]"}, {"matrix": "[0.996994972229,-0.000104659637,0.077466152608,0,-0.003461370012,0.998940169811,0.045897688717,0,-0.077388852835,-0.046027906239,0.995937943459,0,-0.360805124044,-0.214592948556,-0.000000005504,1.000000000000]", "fov": 48.3431204299424, "aspect": 1, "properties": "[[\"FOV\",48.3431204299424],[\"NAME\",\"Camera 15\"],[\"TIME\",15]]"}, {"matrix": "[0.999096214771,0.000057427253,-0.042505189776,0,0.001884485362,0.998955965042,0.045645002276,0,0.042463432997,-0.045683853328,0.998053014278,0,0.197555065155,-0.212537527084,-0.000000001631,1.000000000000]", "fov": 48.3431204299424, "aspect": 1, "properties": "[[\"FOV\",48.3431204299424],[\"NAME\",\"Camera 16\"],[\"TIME\",16]]"}, {"matrix": "[0.998301088810,-0.000078719859,0.058266382664,0,-0.000810046389,0.999883711338,0.015229722485,0,-0.058260805905,-0.015251046978,0.998184919357,0,-0.271014213562,-0.070943884552,-0.000000003995,1.000000000000]", "fov": 48.3431204299424, "aspect": 1, "properties": "[[\"FOV\",48.3431204299424],[\"NAME\",\"Camera 17\"],[\"TIME\",17]]"}, {"matrix": "[0.992285370827,-0.000167494494,0.123974420130,0,0.005066040903,0.999218583107,-0.039198368788,0,-0.123870983720,0.039524026215,0.991510868073,0,-0.580094456673,0.185093194246,-0.000000004547,1.000000000000]", "fov": 48.3431204299424, "aspect": 1, "properties": "[[\"FOV\",48.3431204299424],[\"NAME\",\"Camera 18\"],[\"TIME\",18]]"}, {"matrix": "[0.999168992043,0.000055069155,-0.040759805590,0,-0.003508826718,0.996403038502,-0.084667719901,0,0.040608532727,0.084740377963,0.995575189590,0,0.189395621419,0.395223706961,0.000000002071,1.000000000000]", "fov": 48.3431204299424, "aspect": 1, "properties": "[[\"FOV\",48.3431204299424],[\"NAME\",\"Camera 19\"],[\"TIME\",19]]"}, {"matrix": "[0.999463737011,0.000044240653,-0.032744906843,0,0.001237729797,0.999233424664,0.039128918201,0,0.032721538097,-0.039148461074,0.998697519302,0,0.152134045959,-0.182015031576,-0.000000001757,1.000000000000]", "fov": 48.3431204299424, "aspect": 1, "properties": "[[\"FOV\",48.3431204299424],[\"NAME\",\"Camera 20\"],[\"TIME\",20]]"}, {"matrix": "[0.999757707119,0.000029741492,-0.022013109177,0,-0.000709540385,0.999523043633,-0.030874382704,0,0.022001691163,0.030882518739,0.999280810356,0,0.102233976126,0.143500015140,-0.000000000088,1.000000000000]", "fov": 48.3431204299424, "aspect": 1, "properties": "[[\"FOV\",48.3431204299424],[\"NAME\",\"Camera 21\"],[\"TIME\",21]]"}, {"matrix": "[0.999739348888,-0.000030845364,0.022831274197,0,-0.001791174640,0.996810972691,0.079778939486,0,-0.022760923952,-0.079799041152,0.996551096439,0,-0.106051504612,-0.371813088655,-0.000000004715,1.000000000000]", "fov": 48.3431204299424, "aspect": 1, "properties": "[[\"FOV\",48.3431204299424],[\"NAME\",\"Camera 22\"],[\"TIME\",22]]"}, {"matrix": "[0.999920427799,0.000017041595,-0.012613067403,0,0.000868284900,0.997533798218,0.070182405412,0,0.012583157048,-0.070187777281,0.997454404831,0,0.058576494455,-0.326734483242,-0.000000003298,1.000000000000]", "fov": 48.3431204299424, "aspect": 1, "properties": "[[\"FOV\",48.3431204299424],[\"NAME\",\"Camera 23\"],[\"TIME\",23]]"}, {"matrix": "[0.993644177914,0.000152083230,-0.112566404045,0,0.003484281944,0.999478399754,0.032106738538,0,0.112512573600,-0.032294888049,0.993125379086,0,0.526045858860,-0.150992780924,0.000000001020,1.000000000000]", "fov": 48.3431204299424, "aspect": 1, "properties": "[[\"FOV\",48.3431204299424],[\"NAME\",\"Camera 24\"],[\"TIME\",24]]"}, {"matrix": "[0.999946355820,-0.000013991893,0.010356892832,0,0.000492847175,0.998930513859,-0.046234317124,0,-0.010345168412,0.046236939728,0.998876929283,0,-0.048089686781,0.214933350682,-0.000000000685,1.000000000000]", "fov": 48.3431204299424, "aspect": 1, "properties": "[[\"FOV\",48.3431204299424],[\"NAME\",\"Camera 25\"],[\"TIME\",25]]"}, {"matrix": "[0.999307453632,0.000050272974,-0.037209831178,0,0.000413974165,0.999922156334,0.012468654662,0,0.037207562476,-0.012475423515,0.999229669571,0,0.172899052501,-0.057971723378,-0.000000000846,1.000000000000]", "fov": 48.3431204299424, "aspect": 1, "properties": "[[\"FOV\",48.3431204299424],[\"NAME\",\"Camera 26\"],[\"TIME\",26]]"}, {"matrix": "[0.999989569187,-0.000006161963,0.004561438225,0,-0.000380581972,0.996399641037,0.084779791534,0,-0.004545537755,-0.084780648351,0.996389269829,0,-0.021182745695,-0.395088374615,-0.000000004272,1.000000000000]", "fov": 48.3431204299424, "aspect": 1, "properties": "[[\"FOV\",48.3431204299424],[\"NAME\",\"Camera 27\"],[\"TIME\",27]]"}, {"matrix": "[0.994627654552,0.000139857075,-0.103517018259,0,-0.000177274778,0.999999940395,-0.000352264091,0,0.103516958654,0.000368722569,0.994627594948,0,0.483256429434,0.001721385168,0.000000001669,1.000000000000]", "fov": 48.3431204299424, "aspect": 1, "properties": "[[\"FOV\",48.3431204299424],[\"NAME\",\"Camera 28\"],[\"TIME\",28]]"}, {"matrix": "[0.996797323227,0.000108043445,-0.079969622195,0,0.005691722035,0.997367203236,0.072293102741,0,0.079766891897,-0.072516731918,0.994172275066,0,0.372552633286,-0.338690608740,-0.000000001202,1.000000000000]", "fov": 48.3431204299424, "aspect": 1, "properties": "[[\"FOV\",48.3431204299424],[\"NAME\",\"Camera 29\"],[\"TIME\",29]]"}, {"matrix": "[0.999413847923,0.000046253230,-0.034234549850,0,0.001922558644,0.998345136642,0.057474348694,0,0.034180555493,-0.057506475598,0.997759819031,0,0.159066885710,-0.267619192600,-0.000000002238,1.000000000000]", "fov": 48.3431204299424, "aspect": 1, "properties": "[[\"FOV\",48.3431204299424],[\"NAME\",\"Camera 30\"],[\"TIME\",30]]"}, {"matrix": "[0.994616925716,-0.000139995042,0.103620246053,0,-0.008073172532,0.996854722500,0.078838542104,0,-0.103305369616,-0.079250693321,0.991487443447,0,-0.483796000481,-0.371143966913,-0.000000007322,1.000000000000]", "fov": 48.3431204299424, "aspect": 1, "properties": "[[\"FOV\",48.3431204299424],[\"NAME\",\"Camera 31\"],[\"TIME\",31]]"}, {"matrix": "[0.996859014034,-0.000106997773,0.079196758568,0,0.005084664095,0.998022437096,-0.062652900815,0,-0.079033441842,0.062858797610,0.994888186455,0,-0.368861407042,0.293371886015,-0.000000002418,1.000000000000]", "fov": 48.3431204299424, "aspect": 1, "properties": "[[\"FOV\",48.3431204299424],[\"NAME\",\"Camera 32\"],[\"TIME\",32]]"}, {"matrix": "[0.993511855602,0.000153653105,-0.113728381693,0,0.003229836002,0.999557614326,0.029565755278,0,0.113682612777,-0.029741253704,0.993071854115,0,0.531544983387,-0.139060899615,0.000000001132,1.000000000000]", "fov": 48.3431204299424, "aspect": 1, "properties": "[[\"FOV\",48.3431204299424],[\"NAME\",\"Camera 33\"],[\"TIME\",33]]"}, {"matrix": "[0.996587038040,-0.000111526606,0.082548849285,0,-0.003600877477,0.998988509178,0.044821962714,0,-0.082470349967,-0.044966235757,0.995578587055,0,-0.384635090828,-0.209718868136,-0.000000005638,1.000000000000]", "fov": 48.3431204299424, "aspect": 1, "properties": "[[\"FOV\",48.3431204299424],[\"NAME\",\"Camera 34\"],[\"TIME\",34]]"}, {"matrix": "[0.995011270046,0.000134784292,-0.099762313068,0,0.002600852400,0.999624133110,0.027290977538,0,0.099728494883,-0.027414297685,0.994636952877,0,0.465566068888,-0.127979084849,0.000000000744,1.000000000000]", "fov": 48.3431204299424, "aspect": 1, "properties": "[[\"FOV\",48.3431204299424],[\"NAME\",\"Camera 35\"],[\"TIME\",35]]"}, {"matrix": "[0.999938189983,-0.000015019651,0.011117605492,0,0.000553523714,0.998826146126,-0.048435568810,0,-0.011103827506,0.048438727856,0.998764455318,0,-0.051622141153,0.225193768740,-0.000000000646,1.000000000000]", "fov": 48.3431204299424, "aspect": 1, "properties": "[[\"FOV\",48.3431204299424],[\"NAME\",\"Camera 36\"],[\"TIME\",36]]"}, {"matrix": "[0.999306380749,-0.000050311723,0.037239626050,0,-0.000652370276,0.999821960926,0.018856808543,0,-0.037233944982,-0.018868023530,0.999128460884,0,-0.173039123416,-0.087686240673,-0.000000003421,1.000000000000]", "fov": 48.3431204299424, "aspect": 1, "properties": "[[\"FOV\",48.3431204299424],[\"NAME\",\"Camera 37\"],[\"TIME\",37]]"}, {"matrix": "[0.999228835106,0.000053049571,-0.039264976978,0,-0.001556127332,0.999266982079,-0.038250796497,0,0.039234165102,0.038282398134,0.998496413231,0,0.182450294495,0.178024336696,0.000000000680,1.000000000000]", "fov": 48.3431204299424, "aspect": 1, "properties": "[[\"FOV\",48.3431204299424],[\"NAME\",\"Camera 38\"],[\"TIME\",38]]"}, {"matrix": "[0.999566733837,0.000039768176,-0.029434530064,0,0.002159940545,0.997203946114,0.074696682394,0,0.029355200008,-0.074727892876,0.996771812439,0,0.136746436357,-0.348107635975,-0.000000002890,1.000000000000]", "fov": 48.3431204299424, "aspect": 1, "properties": "[[\"FOV\",48.3431204299424],[\"NAME\",\"Camera 39\"],[\"TIME\",39]]"}, {"matrix": "[0.999990582466,0.000005865630,-0.004340987187,0,0.000327994174,0.997038424015,0.076904013753,0,0.004328581970,-0.076904714108,0.997029066086,0,0.020158819854,-0.358155578375,-0.000000003758,1.000000000000]", "fov": 48.3431204299424, "aspect": 1, "properties": "[[\"FOV\",48.3431204299424],[\"NAME\",\"Camera 40\"],[\"TIME\",40]]"}, {"matrix": "[0.995228290558,0.000131827008,-0.097573429346,0,-0.008375971578,0.996423244476,-0.084086917341,0,0.097213342786,0.084502950311,0.991669714451,0,0.455182403326,0.395668536425,0.000000003911,1.000000000000]", "fov": 48.3431204299424, "aspect": 1, "properties": "[[\"FOV\",48.3431204299424],[\"NAME\",\"Camera 41\"],[\"TIME\",41]]"}, {"matrix": "[0.998545110226,0.000072852665,-0.053922574967,0,-0.001236213953,0.999767184258,-0.021541621536,0,0.053908448666,0.021576941013,0.998312711716,0,0.250736117363,0.100357562304,0.000000000671,1.000000000000]", "fov": 48.3431204299424, "aspect": 1, "properties": "[[\"FOV\",48.3431204299424],[\"NAME\",\"Camera 42\"],[\"TIME\",42]]"}, {"matrix": "[0.992367744446,0.000166603204,-0.123313613236,0,0.007811479270,0.997905731201,0.064211189747,0,0.123066067696,-0.064684376121,0.990288197994,0,0.577036619186,-0.303294360638,0.000000000431,1.000000000000]", "fov": 48.3431204299424, "aspect": 1, "properties": "[[\"FOV\",48.3431204299424],[\"NAME\",\"Camera 43\"],[\"TIME\",43]]"}, {"matrix": "[0.999855875969,-0.000022937224,0.016977928579,0,-0.000684771512,0.999130904675,0.041677057743,0,-0.016964130104,-0.041682675481,0.998986899853,0,-0.078849375248,-0.193741351366,-0.000000003426,1.000000000000]", "fov": 48.3431204299424, "aspect": 1, "properties": "[[\"FOV\",48.3431204299424],[\"NAME\",\"Camera 44\"],[\"TIME\",44]]"}, {"matrix": "[0.999379217625,-0.000047597496,0.035230644047,0,-0.000009077524,0.999998688698,0.001608523540,0,-0.035230677575,-0.001607844839,0.999377906322,0,-0.163688346744,-0.007470302284,-0.000000002860,1.000000000000]", "fov": 48.3431204299424, "aspect": 1, "properties": "[[\"FOV\",48.3431204299424],[\"NAME\",\"Camera 45\"],[\"TIME\",45]]"}, {"matrix": "[0.999531507492,0.000041350580,-0.030605772510,0,0.001598787028,0.998563230038,0.053562745452,0,0.030564013869,-0.053586583585,0.998095333576,0,0.142188698053,-0.249293282628,-0.000000002241,1.000000000000]", "fov": 48.3431204299424, "aspect": 1, "properties": "[[\"FOV\",48.3431204299424],[\"NAME\",\"Camera 46\"],[\"TIME\",46]]"}, {"matrix": "[0.998004198074,-0.000085314787,0.063147731125,0,0.001811876311,0.999626040459,-0.027284864336,0,-0.063121788204,0.027344824746,0.997631132603,0,-0.293789237738,0.127271726727,-0.000000002926,1.000000000000]", "fov": 48.3431204299424, "aspect": 1, "properties": "[[\"FOV\",48.3431204299424],[\"NAME\",\"Camera 47\"],[\"TIME\",47]]"}, {"matrix": "[0.996277987957,-0.000116457442,0.086198493838,0,0.005188991316,0.998266577721,-0.058625414968,0,-0.086042247713,0.058854494244,0.994551599026,0,-0.401708483696,0.274776130915,-0.000000002760,1.000000000000]", "fov": 48.3431204299424, "aspect": 1, "properties": "[[\"FOV\",48.3431204299424],[\"NAME\",\"Camera 48\"],[\"TIME\",48]]"}, {"matrix": "[0.996430575848,0.000114051116,-0.084416300058,0,0.002930494957,0.999349594116,0.035941064358,0,0.084365494549,-0.036060158163,0.995782196522,0,0.393393486738,-0.168147251010,-0.000000000003,1.000000000000]", "fov": 48.3431204299424, "aspect": 1, "properties": "[[\"FOV\",48.3431204299424],[\"NAME\",\"Camera 49\"],[\"TIME\",49]]"}], "fps": 24, "is_cycle": false, "crop": null, "smoothness_value": 0.5}