{"seconds": 4, "camera_type": "perspective", "render_height": 512.0, "render_width": 512.0, "camera_path": [{"camera_to_world": [0.996686577796936, -0.00047999972593970597, -0.08133663982152939, -0.3685774505138397, -0.0004054110322613269, 0.9999408721923828, -0.010868891142308712, -0.049252402037382126, 0.08133704215288162, 0.010865853168070316, 0.9966274499893188, -2.2536477128909382e-09, 0.0, 0.0, 0.0, 1.0], "fov": 51.64453035523091, "aspect": 1}, {"camera_to_world": [0.9994760155677795, 0.001270942040719092, 0.03234252706170082, 0.14628595113754272, 0.00016132819291669875, 0.9990207552909851, -0.044243331998586655, -0.2001134604215622, -0.03236708790063858, 0.04422536492347717, 0.9984971284866333, -2.3011872407607825e-09, 0.0, 0.0, 0.0, 1.0], "fov": 51.64453035523091, "aspect": 1}, {"camera_to_world": [0.9986469745635986, 0.001915512839332223, 0.051966916769742966, 0.23521800339221954, 0.00025919295148923993, 0.999125599861145, -0.04180890694260597, -0.1892397105693817, -0.05200156196951866, 0.041765809059143066, 0.9977732300758362, -1.8421058012307867e-09, 0.0, 0.0, 0.0, 1.0], "fov": 51.64453035523091, "aspect": 1}, {"camera_to_world": [0.9964349865913391, 0.00464571313932538, -0.08423592150211334, -0.3822687864303589, -0.0004204928409308195, 0.9987437129020691, 0.05010787397623062, 0.2273932546377182, 0.08436288684606552, -0.049893818795681, 0.995185136795044, 1.197207444292303e-09, 0.0, 0.0, 0.0, 1.0], "fov": 51.64453035523091, "aspect": 1}, {"camera_to_world": [0.9998918175697327, 0.00033182965125888586, 0.01470534224063158, 0.06644502282142639, 7.331391680054367e-05, 0.9996206760406494, -0.02754167467355728, -0.12444498389959335, -0.014708902686834335, 0.027539772912859917, 0.9995124936103821, -1.6323992158007172e-09, 0.0, 0.0, 0.0, 1.0], "fov": 51.64453035523091, "aspect": 1}, {"camera_to_world": [0.9973853826522827, 0.0007793003460392356, 0.07226232439279556, 0.32724907994270325, 0.00036019578692503273, 0.9998758435249329, -0.015754511579871178, -0.07134624570608139, -0.072265625, 0.01573934778571129, 0.9972612261772156, -1.7718772629682356e-11, 0.0, 0.0, 0.0, 1.0], "fov": 51.64453035523091, "aspect": 1}, {"camera_to_world": [0.9977067112922668, 0.0004983157268725336, 0.06768329441547394, 0.3063988983631134, 0.000337360892444849, 0.9999238848686218, -0.012334875762462616, -0.055839311331510544, -0.06768429279327393, 0.012329421937465668, 0.9976305961608887, 1.0311244219574078e-10, 0.0, 0.0, 0.0, 1.0], "fov": 51.64453035523091, "aspect": 1}, {"camera_to_world": [0.999667763710022, -0.0006534516578540206, 0.025767743587493896, 0.11643573641777039, 0.00012847456673625857, 0.9997925162315369, 0.020369814708828926, 0.09204434603452682, -0.025775708258152008, -0.020359735935926437, 0.9994603991508484, 1.2875245314347694e-09, 0.0, 0.0, 0.0, 1.0], "fov": 51.64453035523091, "aspect": 1}, {"camera_to_world": [0.9975332021713257, 0.003673933446407318, -0.07010000199079514, -0.3177264630794525, -0.0003498770820442587, 0.998877227306366, 0.0473722442984581, 0.21471354365348816, 0.07019533962011337, -0.04723086208105087, 0.9964144825935364, 1.2700998031078825e-09, 0.0, 0.0, 0.0, 1.0], "fov": 51.64453035523091, "aspect": 1}, {"camera_to_world": [0.9995682835578918, 0.0018316741334274411, -0.02932467870414257, -0.13271251320838928, -0.0001464471424696967, 0.998353123664856, 0.05736716464161873, 0.25962239503860474, 0.029381461441516876, -0.05733810365200043, 0.9979223608970642, 2.507166474430278e-09, 0.0, 0.0, 0.0, 1.0], "fov": 51.64453035523091, "aspect": 1}, {"camera_to_world": [0.9974378347396851, -0.0007337488350458443, 0.07153447717428207, 0.3239000141620636, 0.0003565658116713166, 0.9999859929084778, 0.00528537156060338, 0.023931609466671944, -0.07153735309839249, -0.005246322602033615, 0.9974241256713867, 1.1757086415542517e-09, 0.0, 0.0, 0.0, 1.0], "fov": 51.64453035523091, "aspect": 1}, {"camera_to_world": [0.998633086681366, 0.003029625164344907, 0.05218029394745827, 0.23644931614398956, 0.00026051857275888324, 0.9980177879333496, -0.06293147057294846, -0.28516703844070435, -0.05226752161979675, 0.06285904347896576, 0.9966528415679932, -3.0514064608411218e-09, 0.0, 0.0, 0.0, 1.0], "fov": 51.64453035523091, "aspect": 1}, {"camera_to_world": [0.9999901652336121, -4.423189602675848e-05, 0.004430379252880812, 0.02000904642045498, 2.2083160729380324e-05, 0.9999874830245972, 0.004999211058020592, 0.022578103467822075, -0.004430545028299093, -0.0049990639090538025, 0.999977707862854, 5.998841007270883e-11, 0.0, 0.0, 0.0, 1.0], "fov": 51.64453035523091, "aspect": 1}, {"camera_to_world": [0.9996132254600525, 0.0002811643935274333, -0.027808787301182747, -0.12564091384410858, -0.00013861375919077545, 0.9999868273735046, 0.005127895623445511, 0.023168032988905907, 0.027809862047433853, -0.005122057627886534, 0.9996001124382019, -4.590856583774894e-10, 0.0, 0.0, 0.0, 1.0], "fov": 51.64453035523091, "aspect": 1}, {"camera_to_world": [0.9981822967529297, 0.0010543103562667966, -0.060257308185100555, -0.2726522982120514, -0.00030038488330319524, 0.9999215602874756, 0.012519456446170807, 0.056648094207048416, 0.060265783220529556, -0.012478599324822426, 0.9981043338775635, -5.669281710751761e-10, 0.0, 0.0, 0.0, 1.0], "fov": 51.64453035523091, "aspect": 1}, {"camera_to_world": [0.9978434443473816, -0.00477979239076376, -0.06546467542648315, -0.29719287157058716, -0.00032716241548769176, 0.9969705939292908, -0.0777788758277893, -0.3530961573123932, 0.06563812494277954, 0.07763256132602692, 0.9948189854621887, -5.8400688729420835e-09, 0.0, 0.0, 0.0, 1.0], "fov": 51.64453035523091, "aspect": 1}, {"camera_to_world": [0.9999837875366211, -0.00012207962572574615, 0.00569112366065383, 0.025706304237246513, 2.837247848219704e-05, 0.9998644590377808, 0.016462665051221848, 0.07436040043830872, -0.005692362319678068, -0.016462236642837524, 0.9998483061790466, 7.357771614202591e-10, 0.0, 0.0, 0.0, 1.0], "fov": 51.64453035523091, "aspect": 1}, {"camera_to_world": [0.9971967339515686, 0.0002175219706259668, -0.07482386380434036, -0.33887192606925964, -0.0003729441377799958, 0.9999977946281433, -0.002063207793980837, -0.009344074875116348, 0.07482325285673141, 0.0020853292662650347, 0.9971946477890015, -1.641306091038075e-09, 0.0, 0.0, 0.0, 1.0], "fov": 51.64453035523091, "aspect": 1}, {"camera_to_world": [0.9977116584777832, -0.00481178006157279, 0.06744066625833511, 0.3059464991092682, 0.0003369969199411571, 0.9978058934211731, 0.06620629876852036, 0.3003467619419098, -0.06761126965284348, -0.06603206694126129, 0.9955242276191711, 4.608238679537635e-09, 0.0, 0.0, 0.0, 1.0], "fov": 51.64453035523091, "aspect": 1}, {"camera_to_world": [0.9999779462814331, 0.00018860345880966634, 0.006641219835728407, 0.03001062572002411, 3.311483305878937e-05, 0.9994431138038635, -0.03336925059556961, -0.1507902592420578, -0.006643814966082573, 0.03336873650550842, 0.9994210004806519, -2.0974553205377333e-09, 0.0, 0.0, 0.0, 1.0], "fov": 51.64453035523091, "aspect": 1}, {"camera_to_world": [0.9989169239997864, -0.0011386763071641326, 0.046515874564647675, 0.21034380793571472, 0.00023191703076008707, 0.9998099207878113, 0.01949429139494896, 0.08815281093120575, -0.04652923345565796, -0.01946238987147808, 0.9987273216247559, 1.5777721351639684e-09, 0.0, 0.0, 0.0, 1.0], "fov": 51.64453035523091, "aspect": 1}, {"camera_to_world": [0.9999998211860657, -3.536654912750237e-05, 0.0006067844806239009, 0.002744279569014907, 3.029361096196226e-06, 0.9985833168029785, 0.05321013554930687, 0.24064987897872925, -0.0006078067235648632, -0.053210124373435974, 0.9985831379890442, 2.7567996774280346e-09, 0.0, 0.0, 0.0, 1.0], "fov": 51.64453035523091, "aspect": 1}, {"camera_to_world": [0.9997986555099487, -0.0012223526136949658, 0.02002996765077114, 0.09061992913484573, 0.00010002037015510723, 0.9984342455863953, 0.055938106030225754, 0.25307613611221313, -0.02006698213517666, -0.05592484027147293, 0.9982333183288574, 3.2317057918618275e-09, 0.0, 0.0, 0.0, 1.0], "fov": 51.64453035523091, "aspect": 1}, {"camera_to_world": [0.9996466636657715, -0.0016164846019819379, 0.026532618328928947, 0.1200568899512291, 0.00013249082257971168, 0.9984398484230042, 0.05583763122558594, 0.25265854597091675, -0.02658148482441902, -0.055814385414123535, 0.9980872869491577, 3.332839337844007e-09, 0.0, 0.0, 0.0, 1.0], "fov": 51.64453035523091, "aspect": 1}, {"camera_to_world": [0.9987403750419617, -0.00303177023306489, -0.0500841923058033, -0.226962611079216, -0.0002500902919564396, 0.9978596568107605, -0.06539101898670197, -0.2963273227214813, 0.050175249576568604, 0.0653211772441864, 0.9966019988059998, -4.867893643734078e-09, 0.0, 0.0, 0.0, 1.0], "fov": 51.64453035523091, "aspect": 1}, {"camera_to_world": [0.998370349407196, -0.000672406516969204, -0.05706280842423439, -0.2581653594970703, -0.00028443639166653156, 0.9998595118522644, -0.01675846241414547, -0.07581911981105804, 0.05706606060266495, 0.016747383400797844, 0.9982299208641052, -2.190641446020436e-09, 0.0, 0.0, 0.0, 1.0], "fov": 51.64453035523091, "aspect": 1}, {"camera_to_world": [0.9991600513458252, 0.001504940097220242, -0.0409509539604187, -0.18519242107868195, -0.00020424858666956425, 0.9994958639144897, 0.03174784407019615, 0.14357326924800873, 0.0409780889749527, -0.031712811440229416, 0.9986566305160522, 8.490970149210852e-10, 0.0, 0.0, 0.0, 1.0], "fov": 51.64453035523091, "aspect": 1}, {"camera_to_world": [0.9973080158233643, 0.006059284787625074, -0.07307574898004532, -0.33191946148872375, -0.0003654794709291309, 0.9969783425331116, 0.07767938822507858, 0.35282984375953674, 0.07332562655210495, -0.07744356989860535, 0.994296669960022, 2.9663527190137984e-09, 0.0, 0.0, 0.0, 1.0], "fov": 51.64453035523091, "aspect": 1}, {"camera_to_world": [0.9987157583236694, -0.003509913105517626, -0.05054222792387009, -0.22918622195720673, -0.00025252302293665707, 0.9972401261329651, -0.07424335926771164, -0.3366601765155792, 0.05066332221031189, 0.07416077703237534, 0.9959585070610046, -5.386256773931564e-09, 0.0, 0.0, 0.0, 1.0], "fov": 51.64453035523091, "aspect": 1}, {"camera_to_world": [0.9984358549118042, 0.00400717044249177, -0.05576498433947563, -0.2528044879436493, -0.0002786646073218435, 0.9977724552154541, 0.06670880317687988, 0.30241718888282776, 0.05590807646512985, -0.06658892333507538, 0.9962129592895508, 2.6144979514697297e-09, 0.0, 0.0, 0.0, 1.0], "fov": 51.64453035523091, "aspect": 1}, {"camera_to_world": [0.9994924068450928, 0.0019570367876440287, 0.031798578798770905, 0.14400027692317963, 0.00015879246348049492, 0.9977930784225464, -0.06640012562274933, -0.3006937503814697, -0.03185834735631943, 0.06637147068977356, 0.9972862601280212, -3.5820755250881575e-09, 0.0, 0.0, 0.0, 1.0], "fov": 51.64453035523091, "aspect": 1}, {"camera_to_world": [0.998815655708313, 0.0020777154713869095, 0.04861040413379669, 0.22004611790180206, 0.00024250848218798637, 0.9988628029823303, -0.04767650365829468, -0.21581853926181793, -0.04865418002009392, 0.047631826251745224, 0.9976792931556702, -2.2332509175271298e-09, 0.0, 0.0, 0.0, 1.0], "fov": 51.64453035523091, "aspect": 1}, {"camera_to_world": [0.9979826807975769, -0.001845231163315475, 0.06346001476049423, 0.2872622013092041, 0.00031643547117710114, 0.9997096657752991, 0.024092309176921844, 0.10905783623456955, -0.06348604708909988, -0.024023625999689102, 0.9976935386657715, 2.1203470090824794e-09, 0.0, 0.0, 0.0, 1.0], "fov": 51.64453035523091, "aspect": 1}, {"camera_to_world": [0.9977996349334717, 0.0006858216947875917, -0.06629766523838043, -0.3000795841217041, -0.00033046334283426404, 0.9999855160713196, 0.0053708613850176334, 0.02430989220738411, 0.06630038470029831, -0.005337134934961796, 0.9977854490280151, -1.0752501111710444e-09, 0.0, 0.0, 0.0, 1.0], "fov": 51.64453035523091, "aspect": 1}, {"camera_to_world": [0.9999998807907104, 1.6301586583722383e-05, 0.0004950720467604697, 0.0022374799009412527, 2.468760385454516e-06, 0.9992818832397461, -0.0378907285630703, -0.17124594748020172, -0.0004953342140652239, 0.03789072483778, 0.9992817640304565, -2.4566801926084736e-09, 0.0, 0.0, 0.0, 1.0], "fov": 51.64453035523091, "aspect": 1}, {"camera_to_world": [0.9999971985816956, -8.537203393643722e-05, -0.0023739198222756386, -0.010730152018368244, -1.184005850518588e-05, 0.9991624355316162, -0.04091989994049072, -0.1849588006734848, 0.002375424839556217, 0.04091981053352356, 0.9991596341133118, -2.67706590229011e-09, 0.0, 0.0, 0.0, 1.0], "fov": 51.64453035523091, "aspect": 1}, {"camera_to_world": [0.9977613687515259, 0.004050009418278933, -0.0667523592710495, -0.3026126027107239, -0.0003333238128107041, 0.9984532594680786, 0.05559605360031128, 0.25203707814216614, 0.06687428057193756, -0.05544934421777725, 0.9962194561958313, 1.7969862264877179e-09, 0.0, 0.0, 0.0, 1.0], "fov": 51.64453035523091, "aspect": 1}, {"camera_to_world": [0.9967723488807678, -0.0015527101932093501, 0.08026501536369324, 0.36370593309402466, 0.0004001372726634145, 0.9998965859413147, 0.014373683370649815, 0.06513170897960663, -0.08027903735637665, -0.01429517287760973, 0.9966698884963989, 1.840908536721031e-09, 0.0, 0.0, 0.0, 1.0], "fov": 51.64453035523091, "aspect": 1}, {"camera_to_world": [0.9976545572280884, 0.0034280153922736645, 0.06836400181055069, 0.309943288564682, 0.00034117267932742834, 0.9984837174415588, -0.05504636839032173, -0.24956479668617249, -0.06844904273748398, 0.05494058504700661, 0.9961406588554382, -2.335249771334702e-09, 0.0, 0.0, 0.0, 1.0], "fov": 51.64453035523091, "aspect": 1}, {"camera_to_world": [0.9975752234458923, 0.0009476064005866647, 0.06959004700183868, 0.3151026964187622, 0.00034688765299506485, 0.9998272061347961, -0.018587272614240646, -0.08416284620761871, -0.06959562748670578, 0.018566342070698738, 0.9974024891853333, -2.2379535724592614e-10, 0.0, 0.0, 0.0, 1.0], "fov": 51.64453035523091, "aspect": 1}, {"camera_to_world": [0.9996573328971863, -0.001751694711856544, 0.02611812762916088, 0.11822276562452316, 0.0001304721226915717, 0.9980795383453369, 0.0619456022977829, 0.2803945541381836, -0.02617647685110569, -0.06192097067832947, 0.99773770570755, 3.6771481415343032e-09, 0.0, 0.0, 0.0, 1.0], "fov": 51.64453035523091, "aspect": 1}, {"camera_to_world": [0.9996029138565063, 0.0005565251922234893, 0.02817361243069172, 0.1273278445005417, 0.00014045216084923595, 0.9996941685676575, -0.024730635806918144, -0.11176759749650955, -0.028178758919239044, 0.024724772199988365, 0.9992970824241638, -1.2518972525299432e-09, 0.0, 0.0, 0.0, 1.0], "fov": 51.64453035523091, "aspect": 1}, {"camera_to_world": [0.9998327493667603, -0.0012249810388311744, 0.018246838822960854, 0.08257950842380524, 9.115174907492474e-05, 0.998075544834137, 0.062010034918785095, 0.28063809871673584, -0.01828768290579319, -0.06199800223112106, 0.9979087114334106, 3.5513758600558276e-09, 0.0, 0.0, 0.0, 1.0], "fov": 51.64453035523091, "aspect": 1}, {"camera_to_world": [0.9988882541656494, 0.003245673142373562, -0.04702853038907051, -0.21306277811527252, -0.0002349606656935066, 0.9979573488235474, 0.06388343125581741, 0.28942397236824036, 0.047139812260866165, -0.0638013556599617, 0.9968486428260803, 2.593767201020114e-09, 0.0, 0.0, 0.0, 1.0], "fov": 51.64453035523091, "aspect": 1}, {"camera_to_world": [0.9992047548294067, -5.484860230353661e-05, 0.039873622357845306, 0.18022269010543823, 0.00019874096324201673, 0.9999935030937195, -0.0036047559697180986, -0.01629289984703064, -0.039873164147138596, 0.0036098137497901917, 0.9991982579231262, 1.4734766184965054e-10, 0.0, 0.0, 0.0, 1.0], "fov": 51.64453035523091, "aspect": 1}, {"camera_to_world": [0.9999014139175415, 0.0008210819796659052, 0.014018941670656204, 0.06344675272703171, 6.999379547778517e-05, 0.9979854226112366, -0.06344378739595413, -0.28713300824165344, -0.014042790979146957, 0.06343851238489151, 0.9978869557380676, -3.701702055991518e-09, 0.0, 0.0, 0.0, 1.0], "fov": 51.64453035523091, "aspect": 1}, {"camera_to_world": [0.9988241195678711, 0.0019476424204185605, -0.04844182729721069, -0.21916736662387848, -0.0002416424104012549, 0.9993802905082703, 0.03519845008850098, 0.15924987196922302, 0.04848036170005798, -0.0351453572511673, 0.9982056021690369, 9.246278187546864e-10, 0.0, 0.0, 0.0, 1.0], "fov": 51.64453035523091, "aspect": 1}, {"camera_to_world": [0.9974730610847473, 0.0008352262084372342, -0.07104060053825378, -0.3216553032398224, -0.00035411023418419063, 0.9999769330024719, 0.006784732919186354, 0.030719740316271782, 0.07104463130235672, -0.006742432247847319, 0.9974503517150879, -1.0721457055495875e-09, 0.0, 0.0, 0.0, 1.0], "fov": 51.64453035523091, "aspect": 1}, {"camera_to_world": [0.9978981614112854, -0.0007433619466610253, -0.06479716300964355, -0.2932945787906647, -0.000322988023981452, 0.9998646974563599, -0.01644470915198326, -0.07443445175886154, 0.06480062007904053, 0.01643107458949089, 0.99776291847229, -2.300116985765044e-09, 0.0, 0.0, 0.0, 1.0], "fov": 51.64453035523091, "aspect": 1}, {"camera_to_world": [0.9993551969528198, -0.00197858945466578, 0.03585052862763405, 0.1622173935174942, 0.00017896053032018244, 0.9987425804138184, 0.05013193562626839, 0.22683829069137573, -0.035904642194509506, -0.05009319260716438, 0.9980989694595337, 3.1585545290369055e-09, 0.0, 0.0, 0.0, 1.0], "fov": 51.64453035523091, "aspect": 1}], "keyframes": [{"matrix": "[0.996686577797,-0.000405411032,0.081337042153,0,-0.000479999726,0.999940872192,0.010865853168,0,-0.081336639822,-0.010868891142,0.996627449989,0,-0.368577450514,-0.049252402037,-0.000000002254,1.000000000000]", "fov": 51.64453035523091, "aspect": 1, "properties": "[[\"FOV\",51.64453035523091],[\"NAME\",\"Camera 0\"],[\"TIME\",0]]"}, {"matrix": "[0.999476015568,0.000161328193,-0.032367087901,0,0.001270942041,0.999020755291,0.044225364923,0,0.032342527062,-0.044243331999,0.998497128487,0,0.146285951138,-0.200113460422,-0.000000002301,1.000000000000]", "fov": 51.64453035523091, "aspect": 1, "properties": "[[\"FOV\",51.64453035523091],[\"NAME\",\"Camera 1\"],[\"TIME\",1]]"}, {"matrix": "[0.998646974564,0.000259192951,-0.052001561970,0,0.001915512839,0.999125599861,0.041765809059,0,0.051966916770,-0.041808906943,0.997773230076,0,0.235218003392,-0.189239710569,-0.000000001842,1.000000000000]", "fov": 51.64453035523091, "aspect": 1, "properties": "[[\"FOV\",51.64453035523091],[\"NAME\",\"Camera 2\"],[\"TIME\",2]]"}, {"matrix": "[0.996434986591,-0.000420492841,0.084362886846,0,0.004645713139,0.998743712902,-0.049893818796,0,-0.084235921502,0.050107873976,0.995185136795,0,-0.382268786430,0.227393254638,0.000000001197,1.000000000000]", "fov": 51.64453035523091, "aspect": 1, "properties": "[[\"FOV\",51.64453035523091],[\"NAME\",\"Camera 3\"],[\"TIME\",3]]"}, {"matrix": "[0.999891817570,0.000073313917,-0.014708902687,0,0.000331829651,0.999620676041,0.027539772913,0,0.014705342241,-0.027541674674,0.999512493610,0,0.066445022821,-0.124444983900,-0.000000001632,1.000000000000]", "fov": 51.64453035523091, "aspect": 1, "properties": "[[\"FOV\",51.64453035523091],[\"NAME\",\"Camera 4\"],[\"TIME\",4]]"}, {"matrix": "[0.997385382652,0.000360195787,-0.072265625000,0,0.000779300346,0.999875843525,0.015739347786,0,0.072262324393,-0.015754511580,0.997261226177,0,0.327249079943,-0.071346245706,-0.000000000018,1.000000000000]", "fov": 51.64453035523091, "aspect": 1, "properties": "[[\"FOV\",51.64453035523091],[\"NAME\",\"Camera 5\"],[\"TIME\",5]]"}, {"matrix": "[0.997706711292,0.000337360892,-0.067684292793,0,0.000498315727,0.999923884869,0.012329421937,0,0.067683294415,-0.012334875762,0.997630596161,0,0.306398898363,-0.055839311332,0.000000000103,1.000000000000]", "fov": 51.64453035523091, "aspect": 1, "properties": "[[\"FOV\",51.64453035523091],[\"NAME\",\"Camera 6\"],[\"TIME\",6]]"}, {"matrix": "[0.999667763710,0.000128474567,-0.025775708258,0,-0.000653451658,0.999792516232,-0.020359735936,0,0.025767743587,0.020369814709,0.999460399151,0,0.116435736418,0.092044346035,0.000000001288,1.000000000000]", "fov": 51.64453035523091, "aspect": 1, "properties": "[[\"FOV\",51.64453035523091],[\"NAME\",\"Camera 7\"],[\"TIME\",7]]"}, {"matrix": "[0.997533202171,-0.000349877082,0.070195339620,0,0.003673933446,0.998877227306,-0.047230862081,0,-0.070100001991,0.047372244298,0.996414482594,0,-0.317726463079,0.214713543653,0.000000001270,1.000000000000]", "fov": 51.64453035523091, "aspect": 1, "properties": "[[\"FOV\",51.64453035523091],[\"NAME\",\"Camera 8\"],[\"TIME\",8]]"}, {"matrix": "[0.999568283558,-0.000146447142,0.029381461442,0,0.001831674133,0.998353123665,-0.057338103652,0,-0.029324678704,0.057367164642,0.997922360897,0,-0.132712513208,0.259622395039,0.000000002507,1.000000000000]", "fov": 51.64453035523091, "aspect": 1, "properties": "[[\"FOV\",51.64453035523091],[\"NAME\",\"Camera 9\"],[\"TIME\",9]]"}, {"matrix": "[0.997437834740,0.000356565812,-0.071537353098,0,-0.000733748835,0.999985992908,-0.005246322602,0,0.071534477174,0.005285371561,0.997424125671,0,0.323900014162,0.023931609467,0.000000001176,1.000000000000]", "fov": 51.64453035523091, "aspect": 1, "properties": "[[\"FOV\",51.64453035523091],[\"NAME\",\"Camera 10\"],[\"TIME\",10]]"}, {"matrix": "[0.998633086681,0.000260518573,-0.052267521620,0,0.003029625164,0.998017787933,0.062859043479,0,0.052180293947,-0.062931470573,0.996652841568,0,0.236449316144,-0.285167038441,-0.000000003051,1.000000000000]", "fov": 51.64453035523091, "aspect": 1, "properties": "[[\"FOV\",51.64453035523091],[\"NAME\",\"Camera 11\"],[\"TIME\",11]]"}, {"matrix": "[0.999990165234,0.000022083161,-0.004430545028,0,-0.000044231896,0.999987483025,-0.004999063909,0,0.004430379253,0.004999211058,0.999977707863,0,0.020009046420,0.022578103468,0.000000000060,1.000000000000]", "fov": 51.64453035523091, "aspect": 1, "properties": "[[\"FOV\",51.64453035523091],[\"NAME\",\"Camera 12\"],[\"TIME\",12]]"}, {"matrix": "[0.999613225460,-0.000138613759,0.027809862047,0,0.000281164394,0.999986827374,-0.005122057628,0,-0.027808787301,0.005127895623,0.999600112438,0,-0.125640913844,0.023168032989,-0.000000000459,1.000000000000]", "fov": 51.64453035523091, "aspect": 1, "properties": "[[\"FOV\",51.64453035523091],[\"NAME\",\"Camera 13\"],[\"TIME\",13]]"}, {"matrix": "[0.998182296753,-0.000300384883,0.060265783221,0,0.001054310356,0.999921560287,-0.012478599325,0,-0.060257308185,0.012519456446,0.998104333878,0,-0.272652298212,0.056648094207,-0.000000000567,1.000000000000]", "fov": 51.64453035523091, "aspect": 1, "properties": "[[\"FOV\",51.64453035523091],[\"NAME\",\"Camera 14\"],[\"TIME\",14]]"}, {"matrix": "[0.997843444347,-0.000327162415,0.065638124943,0,-0.004779792391,0.996970593929,0.077632561326,0,-0.065464675426,-0.077778875828,0.994818985462,0,-0.297192871571,-0.353096157312,-0.000000005840,1.000000000000]", "fov": 51.64453035523091, "aspect": 1, "properties": "[[\"FOV\",51.64453035523091],[\"NAME\",\"Camera 15\"],[\"TIME\",15]]"}, {"matrix": "[0.999983787537,0.000028372478,-0.005692362320,0,-0.000122079626,0.999864459038,-0.016462236643,0,0.005691123661,0.016462665051,0.999848306179,0,0.025706304237,0.074360400438,0.000000000736,1.000000000000]", "fov": 51.64453035523091, "aspect": 1, "properties": "[[\"FOV\",51.64453035523091],[\"NAME\",\"Camera 16\"],[\"TIME\",16]]"}, {"matrix": "[0.997196733952,-0.000372944138,0.074823252857,0,0.000217521971,0.999997794628,0.002085329266,0,-0.074823863804,-0.002063207794,0.997194647789,0,-0.338871926069,-0.009344074875,-0.000000001641,1.000000000000]", "fov": 51.64453035523091, "aspect": 1, "properties": "[[\"FOV\",51.64453035523091],[\"NAME\",\"Camera 17\"],[\"TIME\",17]]"}, {"matrix": "[0.997711658478,0.000336996920,-0.067611269653,0,-0.004811780062,0.997805893421,-0.066032066941,0,0.067440666258,0.066206298769,0.995524227619,0,0.305946499109,0.300346761942,0.000000004608,1.000000000000]", "fov": 51.64453035523091, "aspect": 1, "properties": "[[\"FOV\",51.64453035523091],[\"NAME\",\"Camera 18\"],[\"TIME\",18]]"}, {"matrix": "[0.999977946281,0.000033114833,-0.006643814966,0,0.000188603459,0.999443113804,0.033368736506,0,0.006641219836,-0.033369250596,0.999421000481,0,0.030010625720,-0.150790259242,-0.000000002097,1.000000000000]", "fov": 51.64453035523091, "aspect": 1, "properties": "[[\"FOV\",51.64453035523091],[\"NAME\",\"Camera 19\"],[\"TIME\",19]]"}, {"matrix": "[0.998916924000,0.000231917031,-0.046529233456,0,-0.001138676307,0.999809920788,-0.019462389871,0,0.046515874565,0.019494291395,0.998727321625,0,0.210343807936,0.088152810931,0.000000001578,1.000000000000]", "fov": 51.64453035523091, "aspect": 1, "properties": "[[\"FOV\",51.64453035523091],[\"NAME\",\"Camera 20\"],[\"TIME\",20]]"}, {"matrix": "[0.999999821186,0.000003029361,-0.000607806724,0,-0.000035366549,0.998583316803,-0.053210124373,0,0.000606784481,0.053210135549,0.998583137989,0,0.002744279569,0.240649878979,0.000000002757,1.000000000000]", "fov": 51.64453035523091, "aspect": 1, "properties": "[[\"FOV\",51.64453035523091],[\"NAME\",\"Camera 21\"],[\"TIME\",21]]"}, {"matrix": "[0.999798655510,0.000100020370,-0.020066982135,0,-0.001222352614,0.998434245586,-0.055924840271,0,0.020029967651,0.055938106030,0.998233318329,0,0.090619929135,0.253076136112,0.000000003232,1.000000000000]", "fov": 51.64453035523091, "aspect": 1, "properties": "[[\"FOV\",51.64453035523091],[\"NAME\",\"Camera 22\"],[\"TIME\",22]]"}, {"matrix": "[0.999646663666,0.000132490823,-0.026581484824,0,-0.001616484602,0.998439848423,-0.055814385414,0,0.026532618329,0.055837631226,0.998087286949,0,0.120056889951,0.252658545971,0.000000003333,1.000000000000]", "fov": 51.64453035523091, "aspect": 1, "properties": "[[\"FOV\",51.64453035523091],[\"NAME\",\"Camera 23\"],[\"TIME\",23]]"}, {"matrix": "[0.998740375042,-0.000250090292,0.050175249577,0,-0.003031770233,0.997859656811,0.065321177244,0,-0.050084192306,-0.065391018987,0.996601998806,0,-0.226962611079,-0.296327322721,-0.000000004868,1.000000000000]", "fov": 51.64453035523091, "aspect": 1, "properties": "[[\"FOV\",51.64453035523091],[\"NAME\",\"Camera 24\"],[\"TIME\",24]]"}, {"matrix": "[0.998370349407,-0.000284436392,0.057066060603,0,-0.000672406517,0.999859511852,0.016747383401,0,-0.057062808424,-0.016758462414,0.998229920864,0,-0.258165359497,-0.075819119811,-0.000000002191,1.000000000000]", "fov": 51.64453035523091, "aspect": 1, "properties": "[[\"FOV\",51.64453035523091],[\"NAME\",\"Camera 25\"],[\"TIME\",25]]"}, {"matrix": "[0.999160051346,-0.000204248587,0.040978088975,0,0.001504940097,0.999495863914,-0.031712811440,0,-0.040950953960,0.031747844070,0.998656630516,0,-0.185192421079,0.143573269248,0.000000000849,1.000000000000]", "fov": 51.64453035523091, "aspect": 1, "properties": "[[\"FOV\",51.64453035523091],[\"NAME\",\"Camera 26\"],[\"TIME\",26]]"}, {"matrix": "[0.997308015823,-0.000365479471,0.073325626552,0,0.006059284788,0.996978342533,-0.077443569899,0,-0.073075748980,0.077679388225,0.994296669960,0,-0.331919461489,0.352829843760,0.000000002966,1.000000000000]", "fov": 51.64453035523091, "aspect": 1, "properties": "[[\"FOV\",51.64453035523091],[\"NAME\",\"Camera 27\"],[\"TIME\",27]]"}, {"matrix": "[0.998715758324,-0.000252523023,0.050663322210,0,-0.003509913106,0.997240126133,0.074160777032,0,-0.050542227924,-0.074243359268,0.995958507061,0,-0.229186221957,-0.336660176516,-0.000000005386,1.000000000000]", "fov": 51.64453035523091, "aspect": 1, "properties": "[[\"FOV\",51.64453035523091],[\"NAME\",\"Camera 28\"],[\"TIME\",28]]"}, {"matrix": "[0.998435854912,-0.000278664607,0.055908076465,0,0.004007170442,0.997772455215,-0.066588923335,0,-0.055764984339,0.066708803177,0.996212959290,0,-0.252804487944,0.302417188883,0.000000002614,1.000000000000]", "fov": 51.64453035523091, "aspect": 1, "properties": "[[\"FOV\",51.64453035523091],[\"NAME\",\"Camera 29\"],[\"TIME\",29]]"}, {"matrix": "[0.999492406845,0.000158792463,-0.031858347356,0,0.001957036788,0.997793078423,0.066371470690,0,0.031798578799,-0.066400125623,0.997286260128,0,0.144000276923,-0.300693750381,-0.000000003582,1.000000000000]", "fov": 51.64453035523091, "aspect": 1, "properties": "[[\"FOV\",51.64453035523091],[\"NAME\",\"Camera 30\"],[\"TIME\",30]]"}, {"matrix": "[0.998815655708,0.000242508482,-0.048654180020,0,0.002077715471,0.998862802982,0.047631826252,0,0.048610404134,-0.047676503658,0.997679293156,0,0.220046117902,-0.215818539262,-0.000000002233,1.000000000000]", "fov": 51.64453035523091, "aspect": 1, "properties": "[[\"FOV\",51.64453035523091],[\"NAME\",\"Camera 31\"],[\"TIME\",31]]"}, {"matrix": "[0.997982680798,0.000316435471,-0.063486047089,0,-0.001845231163,0.999709665775,-0.024023626000,0,0.063460014760,0.024092309177,0.997693538666,0,0.287262201309,0.109057836235,0.000000002120,1.000000000000]", "fov": 51.64453035523091, "aspect": 1, "properties": "[[\"FOV\",51.64453035523091],[\"NAME\",\"Camera 32\"],[\"TIME\",32]]"}, {"matrix": "[0.997799634933,-0.000330463343,0.066300384700,0,0.000685821695,0.999985516071,-0.005337134935,0,-0.066297665238,0.005370861385,0.997785449028,0,-0.300079584122,0.024309892207,-0.000000001075,1.000000000000]", "fov": 51.64453035523091, "aspect": 1, "properties": "[[\"FOV\",51.64453035523091],[\"NAME\",\"Camera 33\"],[\"TIME\",33]]"}, {"matrix": "[0.999999880791,0.000002468760,-0.000495334214,0,0.000016301587,0.999281883240,0.037890724838,0,0.000495072047,-0.037890728563,0.999281764030,0,0.002237479901,-0.171245947480,-0.000000002457,1.000000000000]", "fov": 51.64453035523091, "aspect": 1, "properties": "[[\"FOV\",51.64453035523091],[\"NAME\",\"Camera 34\"],[\"TIME\",34]]"}, {"matrix": "[0.999997198582,-0.000011840059,0.002375424840,0,-0.000085372034,0.999162435532,0.040919810534,0,-0.002373919822,-0.040919899940,0.999159634113,0,-0.010730152018,-0.184958800673,-0.000000002677,1.000000000000]", "fov": 51.64453035523091, "aspect": 1, "properties": "[[\"FOV\",51.64453035523091],[\"NAME\",\"Camera 35\"],[\"TIME\",35]]"}, {"matrix": "[0.997761368752,-0.000333323813,0.066874280572,0,0.004050009418,0.998453259468,-0.055449344218,0,-0.066752359271,0.055596053600,0.996219456196,0,-0.302612602711,0.252037078142,0.000000001797,1.000000000000]", "fov": 51.64453035523091, "aspect": 1, "properties": "[[\"FOV\",51.64453035523091],[\"NAME\",\"Camera 36\"],[\"TIME\",36]]"}, {"matrix": "[0.996772348881,0.000400137273,-0.080279037356,0,-0.001552710193,0.999896585941,-0.014295172878,0,0.080265015364,0.014373683371,0.996669888496,0,0.363705933094,0.065131708980,0.000000001841,1.000000000000]", "fov": 51.64453035523091, "aspect": 1, "properties": "[[\"FOV\",51.64453035523091],[\"NAME\",\"Camera 37\"],[\"TIME\",37]]"}, {"matrix": "[0.997654557228,0.000341172679,-0.068449042737,0,0.003428015392,0.998483717442,0.054940585047,0,0.068364001811,-0.055046368390,0.996140658855,0,0.309943288565,-0.249564796686,-0.000000002335,1.000000000000]", "fov": 51.64453035523091, "aspect": 1, "properties": "[[\"FOV\",51.64453035523091],[\"NAME\",\"Camera 38\"],[\"TIME\",38]]"}, {"matrix": "[0.997575223446,0.000346887653,-0.069595627487,0,0.000947606401,0.999827206135,0.018566342071,0,0.069590047002,-0.018587272614,0.997402489185,0,0.315102696419,-0.084162846208,-0.000000000224,1.000000000000]", "fov": 51.64453035523091, "aspect": 1, "properties": "[[\"FOV\",51.64453035523091],[\"NAME\",\"Camera 39\"],[\"TIME\",39]]"}, {"matrix": "[0.999657332897,0.000130472123,-0.026176476851,0,-0.001751694712,0.998079538345,-0.061920970678,0,0.026118127629,0.061945602298,0.997737705708,0,0.118222765625,0.280394554138,0.000000003677,1.000000000000]", "fov": 51.64453035523091, "aspect": 1, "properties": "[[\"FOV\",51.64453035523091],[\"NAME\",\"Camera 40\"],[\"TIME\",40]]"}, {"matrix": "[0.999602913857,0.000140452161,-0.028178758919,0,0.000556525192,0.999694168568,0.024724772200,0,0.028173612431,-0.024730635807,0.999297082424,0,0.127327844501,-0.111767597497,-0.000000001252,1.000000000000]", "fov": 51.64453035523091, "aspect": 1, "properties": "[[\"FOV\",51.64453035523091],[\"NAME\",\"Camera 41\"],[\"TIME\",41]]"}, {"matrix": "[0.999832749367,0.000091151749,-0.018287682906,0,-0.001224981039,0.998075544834,-0.061998002231,0,0.018246838823,0.062010034919,0.997908711433,0,0.082579508424,0.280638098717,0.000000003551,1.000000000000]", "fov": 51.64453035523091, "aspect": 1, "properties": "[[\"FOV\",51.64453035523091],[\"NAME\",\"Camera 42\"],[\"TIME\",42]]"}, {"matrix": "[0.998888254166,-0.000234960666,0.047139812261,0,0.003245673142,0.997957348824,-0.063801355660,0,-0.047028530389,0.063883431256,0.996848642826,0,-0.213062778115,0.289423972368,0.000000002594,1.000000000000]", "fov": 51.64453035523091, "aspect": 1, "properties": "[[\"FOV\",51.64453035523091],[\"NAME\",\"Camera 43\"],[\"TIME\",43]]"}, {"matrix": "[0.999204754829,0.000198740963,-0.039873164147,0,-0.000054848602,0.999993503094,0.003609813750,0,0.039873622358,-0.003604755970,0.999198257923,0,0.180222690105,-0.016292899847,0.000000000147,1.000000000000]", "fov": 51.64453035523091, "aspect": 1, "properties": "[[\"FOV\",51.64453035523091],[\"NAME\",\"Camera 44\"],[\"TIME\",44]]"}, {"matrix": "[0.999901413918,0.000069993795,-0.014042790979,0,0.000821081980,0.997985422611,0.063438512385,0,0.014018941671,-0.063443787396,0.997886955738,0,0.063446752727,-0.287133008242,-0.000000003702,1.000000000000]", "fov": 51.64453035523091, "aspect": 1, "properties": "[[\"FOV\",51.64453035523091],[\"NAME\",\"Camera 45\"],[\"TIME\",45]]"}, {"matrix": "[0.998824119568,-0.000241642410,0.048480361700,0,0.001947642420,0.999380290508,-0.035145357251,0,-0.048441827297,0.035198450089,0.998205602169,0,-0.219167366624,0.159249871969,0.000000000925,1.000000000000]", "fov": 51.64453035523091, "aspect": 1, "properties": "[[\"FOV\",51.64453035523091],[\"NAME\",\"Camera 46\"],[\"TIME\",46]]"}, {"matrix": "[0.997473061085,-0.000354110234,0.071044631302,0,0.000835226208,0.999976933002,-0.006742432248,0,-0.071040600538,0.006784732919,0.997450351715,0,-0.321655303240,0.030719740316,-0.000000001072,1.000000000000]", "fov": 51.64453035523091, "aspect": 1, "properties": "[[\"FOV\",51.64453035523091],[\"NAME\",\"Camera 47\"],[\"TIME\",47]]"}, {"matrix": "[0.997898161411,-0.000322988024,0.064800620079,0,-0.000743361947,0.999864697456,0.016431074589,0,-0.064797163010,-0.016444709152,0.997762918472,0,-0.293294578791,-0.074434451759,-0.000000002300,1.000000000000]", "fov": 51.64453035523091, "aspect": 1, "properties": "[[\"FOV\",51.64453035523091],[\"NAME\",\"Camera 48\"],[\"TIME\",48]]"}, {"matrix": "[0.999355196953,0.000178960530,-0.035904642195,0,-0.001978589455,0.998742580414,-0.050093192607,0,0.035850528628,0.050131935626,0.998098969460,0,0.162217393517,0.226838290691,0.000000003159,1.000000000000]", "fov": 51.64453035523091, "aspect": 1, "properties": "[[\"FOV\",51.64453035523091],[\"NAME\",\"Camera 49\"],[\"TIME\",49]]"}], "fps": 24, "is_cycle": false, "crop": null, "smoothness_value": 0.5}