{"seconds": 4, "camera_type": "perspective", "render_height": 512.0, "render_width": 512.0, "camera_path": [{"camera_to_world": [0.9999215602874756, -0.00015150803665164858, -0.012521792203187943, -0.056547220796346664, -4.297721716284286e-07, 0.9999263882637024, -0.01213297713547945, -0.05479138717055321, 0.012522708624601364, 0.012132031843066216, 0.9998480081558228, 2.328156556430372e-09, 0.0, 0.0, 0.0, 1.0], "fov": 52.43180226479496, "aspect": 1}, {"camera_to_world": [0.9998704791069031, 0.0007399559253826737, -0.016076767817139626, -0.07267626374959946, -5.524219659491791e-07, 0.9989440441131592, 0.045943450182676315, 0.20769092440605164, 0.016093788668513298, -0.045937489718198776, 0.9988146424293518, 2.0651236276592044e-09, 0.0, 0.0, 0.0, 1.0], "fov": 52.43180226479496, "aspect": 1}, {"camera_to_world": [0.9990766644477844, 0.0034683344420045614, 0.04282261058688164, 0.19416645169258118, 1.4758952602278441e-06, 0.9967333674430847, -0.08076292276382446, -0.36619552969932556, -0.04296283796429634, 0.08068840950727463, 0.9958130121231079, 2.8091169390620507e-09, 0.0, 0.0, 0.0, 1.0], "fov": 52.43180226479496, "aspect": 1}, {"camera_to_world": [0.9992944002151489, 0.001547870459035039, 0.037527553737163544, 0.1697091907262802, 1.2903146853204817e-06, 0.9991490244865417, -0.04124550148844719, -0.1865227073431015, -0.03755946084856987, 0.041216444224119186, 0.9984440207481384, 2.6192816804382346e-09, 0.0, 0.0, 0.0, 1.0], "fov": 52.43180226479496, "aspect": 1}, {"camera_to_world": [0.9996316432952881, -0.00212666392326355, 0.02705554850399494, 0.12258337438106537, 9.324210168415448e-07, 0.9969276785850525, 0.07832767069339752, 0.3548872470855713, -0.027139002457261086, -0.07829879224300385, 0.9965604543685913, 2.066629312125201e-09, 0.0, 0.0, 0.0, 1.0], "fov": 52.43180226479496, "aspect": 1}, {"camera_to_world": [0.9967726469039917, -0.004436512943357229, -0.08015387505292892, -0.36364057660102844, -2.7567996312427567e-06, 0.9984698295593262, -0.055299535393714905, -0.2508818805217743, 0.08027656376361847, 0.0551212877035141, 0.9952473640441895, 2.2918895670187567e-09, 0.0, 0.0, 0.0, 1.0], "fov": 52.43180226479496, "aspect": 1}, {"camera_to_world": [0.9997190237045288, 0.0005096110398881137, 0.023697614669799805, 0.10705482959747314, 8.144137382259942e-07, 0.9997681379318237, -0.021534109488129616, -0.09728111326694489, -0.023703092709183693, 0.021528080105781555, 0.9994872212409973, 2.4881552374012017e-09, 0.0, 0.0, 0.0, 1.0], "fov": 52.43180226479496, "aspect": 1}, {"camera_to_world": [0.9995376467704773, -0.0003560107434168458, 0.03040304221212864, 0.13734926283359528, 1.0445970701766782e-06, 0.9999318718910217, 0.011674567125737667, 0.05274119973182678, -0.03040512651205063, -0.011669137515127659, 0.999469518661499, 2.3666373305530897e-09, 0.0, 0.0, 0.0, 1.0], "fov": 52.43180226479496, "aspect": 1}, {"camera_to_world": [0.9998430609703064, 0.0008613229729235172, 0.01769638992846012, 0.08001036942005157, 6.088312147767283e-07, 0.9988159537315369, -0.04864901304244995, -0.21995589137077332, -0.017717337235808372, 0.048641387373209, 0.9986591339111328, 2.5858641894416223e-09, 0.0, 0.0, 0.0, 1.0], "fov": 52.43180226479496, "aspect": 1}, {"camera_to_world": [0.9999792575836182, 0.0001453937729820609, -0.006435191724449396, -0.02906428463757038, -2.2075097660945175e-07, 0.9997456669807434, 0.022553492337465286, 0.10186196863651276, 0.0064368341118097305, -0.02255302295088768, 0.9997249245643616, 2.1982402564901804e-09, 0.0, 0.0, 0.0, 1.0], "fov": 52.43180226479496, "aspect": 1}, {"camera_to_world": [0.99095219373703, -0.0004158156516496092, 0.13421477377414703, 0.6115451455116272, 4.609989900927758e-06, 0.9999952912330627, 0.003064084565266967, 0.013961393386125565, -0.13421541452407837, -0.0030357425566762686, 0.9909475445747375, 2.7496180887709443e-09, 0.0, 0.0, 0.0, 1.0], "fov": 52.43180226479496, "aspect": 1}, {"camera_to_world": [0.9998182654380798, 0.0013098913477733731, -0.019018881022930145, -0.08609327673912048, -6.544325970025966e-07, 0.997639000415802, 0.06867619603872299, 0.3108784258365631, 0.019063934683799744, -0.06866370141506195, 0.9974576830863953, 1.956558470794789e-09, 0.0, 0.0, 0.0, 1.0], "fov": 52.43180226479496, "aspect": 1}, {"camera_to_world": [0.9959139227867126, -0.00012139933824073523, 0.09030749648809433, 0.40943145751953125, 3.101963557128329e-06, 0.9999991655349731, 0.0013100788928568363, 0.00593956233933568, -0.0903075784444809, -0.0013044456718489528, 0.9959130883216858, 2.6098843086685974e-09, 0.0, 0.0, 0.0, 1.0], "fov": 52.43180226479496, "aspect": 1}, {"camera_to_world": [0.9945091605186462, -0.002613317221403122, 0.10461687296628952, 0.47512391209602356, 3.594540885387687e-06, 0.999688982963562, 0.02493794448673725, 0.11325718462467194, -0.10464950650930405, -0.024800637736916542, 0.9941998720169067, 2.555064604337076e-09, 0.0, 0.0, 0.0, 1.0], "fov": 52.43180226479496, "aspect": 1}, {"camera_to_world": [0.9977264404296875, 0.00311507866717875, -0.06732177734375, -0.3049907088279724, -2.314337052666815e-06, 0.9989327788352966, 0.046187806874513626, 0.20924660563468933, 0.06739380210638046, -0.046082641929388046, 0.9966616630554199, 1.89419435692173e-09, 0.0, 0.0, 0.0, 1.0], "fov": 52.43180226479496, "aspect": 1}, {"camera_to_world": [0.9907312393188477, 0.011336120776832104, -0.13536304235458374, -0.6190695762634277, -4.665037977247266e-06, 0.9965144991874695, 0.08342000842094421, 0.38151320815086365, 0.1358368992805481, -0.08264617621898651, 0.9872780442237854, 1.50021173261905e-09, 0.0, 0.0, 0.0, 1.0], "fov": 52.43180226479496, "aspect": 1}, {"camera_to_world": [0.9973081350326538, 0.0006150993867777288, -0.07332174479961395, -0.33196887373924255, -2.5180227112286957e-06, 0.9999650716781616, 0.008354502730071545, 0.03782554343342781, 0.07332432270050049, -0.008331828750669956, 0.997273325920105, 2.0386157206786493e-09, 0.0, 0.0, 0.0, 1.0], "fov": 52.43180226479496, "aspect": 1}, {"camera_to_world": [0.999865710735321, 0.00019466887169983238, -0.016387606039643288, -0.0740087553858757, -5.625529979624844e-07, 0.9999298453330994, 0.01184387318789959, 0.05348861590027809, 0.01638876274228096, -0.0118422731757164, 0.9997955560684204, 2.2117665476883985e-09, 0.0, 0.0, 0.0, 1.0], "fov": 52.43180226479496, "aspect": 1}, {"camera_to_world": [0.9950265884399414, -0.0064192586578428745, 0.0994025394320488, 0.45200619101524353, 3.4214438073831843e-06, 0.9979234933853149, 0.06441007554531097, 0.2928873896598816, -0.09960959851741791, -0.06408939510583878, 0.9929604530334473, 2.3662471981822364e-09, 0.0, 0.0, 0.0, 1.0], "fov": 52.43180226479496, "aspect": 1}, {"camera_to_world": [0.9902893900871277, -0.006121392361819744, 0.13888628780841827, 0.6338651180267334, 4.775043180416105e-06, 0.9990316033363342, 0.043998122215270996, 0.20080363750457764, -0.1390211284160614, -0.04357020929455757, 0.9893304705619812, 2.5870370290448363e-09, 0.0, 0.0, 0.0, 1.0], "fov": 52.43180226479496, "aspect": 1}, {"camera_to_world": [0.9920130968093872, 0.0025587964337319136, 0.12610885500907898, 0.5741121172904968, 4.332459411671152e-06, 0.999793529510498, -0.020320270210504532, -0.09250827878713608, -0.12613481283187866, 0.020158519968390465, 0.991808295249939, 2.8242372884790257e-09, 0.0, 0.0, 0.0, 1.0], "fov": 52.43180226479496, "aspect": 1}, {"camera_to_world": [0.9998729825019836, 0.0011128979967907071, 0.015898456797003746, 0.07197000086307526, 5.476974251905631e-07, 0.9975565671920776, -0.06986378133296967, -0.3162631392478943, -0.015937361866235733, 0.06985491514205933, 0.9974298477172852, 2.6721929113904253e-09, 0.0, 0.0, 0.0, 1.0], "fov": 52.43180226479496, "aspect": 1}, {"camera_to_world": [0.9974861741065979, -0.00041618404793553054, 0.07085985690355301, 0.3207595646381378, 2.4340681648027385e-06, 0.9999829530715942, 0.005838976241648197, 0.026431143283843994, -0.0708610787987709, -0.005824125371873379, 0.9974691867828369, 2.525594844371426e-09, 0.0, 0.0, 0.0, 1.0], "fov": 52.43180226479496, "aspect": 1}, {"camera_to_world": [0.9999990463256836, 0.0001031502615660429, 0.0013708295300602913, 0.0062071275897324085, 4.753866988949085e-08, 0.997178316116333, -0.07506895810365677, -0.3399122357368469, -0.00137470499612391, 0.0750688835978508, 0.9971774220466614, 2.646867169886491e-09, 0.0, 0.0, 0.0, 1.0], "fov": 52.43180226479496, "aspect": 1}, {"camera_to_world": [0.9984953999519348, -0.0012584481155499816, -0.05482158437371254, -0.24796997010707855, -1.8830362478183815e-06, 0.9997358322143555, -0.022983573377132416, -0.10395971685647964, 0.054836027324199677, 0.022949093952775, 0.9982315897941589, 2.2356090312314336e-09, 0.0, 0.0, 0.0, 1.0], "fov": 52.43180226479496, "aspect": 1}, {"camera_to_world": [0.9991647601127625, -0.0017301086336374283, -0.04082564264535904, -0.18465666472911835, -1.4031036243977724e-06, 0.9991018176078796, -0.04237426444888115, -0.19166117906570435, 0.04086228460073471, 0.04233893007040024, 0.9982673525810242, 2.365741824661427e-09, 0.0, 0.0, 0.0, 1.0], "fov": 52.43180226479496, "aspect": 1}, {"camera_to_world": [0.9950629472732544, -0.005599752999842167, 0.09908771514892578, 0.45033910870552063, 3.408949851291254e-06, 0.998408854007721, 0.056388936936855316, 0.2562794089317322, -0.0992458164691925, -0.0561102032661438, 0.9934797286987305, 2.400075249653355e-09, 0.0, 0.0, 0.0, 1.0], "fov": 52.43180226479496, "aspect": 1}, {"camera_to_world": [0.9944849610328674, -0.005331956781446934, -0.1047435849905014, -0.4761795699596405, -3.6017854654346593e-06, 0.9987051486968994, -0.05087313428521156, -0.23127667605876923, 0.10487920790910721, 0.05059294402599335, 0.9931972026824951, 2.191040904264696e-09, 0.0, 0.0, 0.0, 1.0], "fov": 52.43180226479496, "aspect": 1}, {"camera_to_world": [0.9999098777770996, 0.000989292748272419, 0.013388563878834248, 0.06062273681163788, 4.614118154222524e-07, 0.9972786903381348, -0.07372425496578217, -0.33381959795951843, -0.013425064273178577, 0.0737176164984703, 0.9971888065338135, 2.68072319897783e-09, 0.0, 0.0, 0.0, 1.0], "fov": 52.43180226479496, "aspect": 1}, {"camera_to_world": [0.9938952922821045, 0.009053748100996017, 0.10995537042617798, 0.5012139678001404, 3.789552465605084e-06, 0.9966244101524353, -0.08209650963544846, -0.3742237985134125, -0.11032748222351074, 0.08159574866294861, 0.9905402660369873, 3.04074920798314e-09, 0.0, 0.0, 0.0, 1.0], "fov": 52.43180226479496, "aspect": 1}, {"camera_to_world": [0.9993234872817993, -0.003033527871593833, -0.036652568727731705, -0.16617311537265778, -1.2628238437173422e-06, 0.996589720249176, -0.08251657336950302, -0.3741084933280945, 0.03677789121866226, 0.08246079087257385, 0.9959154725074768, 2.5538759995669125e-09, 0.0, 0.0, 0.0, 1.0], "fov": 52.43180226479496, "aspect": 1}, {"camera_to_world": [0.9940984845161438, 0.0009522957843728364, 0.10847701877355576, 0.49272435903549194, 3.726141358129098e-06, 0.9999611973762512, -0.008812584914267063, -0.04002853110432625, -0.10848119854927063, 0.008760981261730194, 0.9940599203109741, 2.7146389580678942e-09, 0.0, 0.0, 0.0, 1.0], "fov": 52.43180226479496, "aspect": 1}, {"camera_to_world": [0.999086320400238, 0.0006436794064939022, 0.04273327440023422, 0.19314856827259064, 1.468177288188599e-06, 0.9998860359191895, -0.015095330774784088, -0.0682288408279419, -0.04273812100291252, 0.015081601217389107, 0.998972475528717, 2.523137032639511e-09, 0.0, 0.0, 0.0, 1.0], "fov": 52.43180226479496, "aspect": 1}, {"camera_to_world": [0.9973301887512207, 0.0018152628326788545, -0.07300107181072235, -0.3306000530719757, -2.507695398890064e-06, 0.9996918439865112, 0.02482432685792446, 0.11242196708917618, 0.07302363961935043, -0.0247578676789999, 0.9970228672027588, 1.968204488278502e-09, 0.0, 0.0, 0.0, 1.0], "fov": 52.43180226479496, "aspect": 1}, {"camera_to_world": [0.9954407811164856, 0.002737171947956085, -0.0953424721956253, -0.4326415956020355, -3.275592234786018e-06, 0.9995891451835632, 0.028662847355008125, 0.1300652176141739, 0.09538175165653229, -0.02853185497224331, 0.9950317740440369, 1.8768901988153175e-09, 0.0, 0.0, 0.0, 1.0], "fov": 52.43180226479496, "aspect": 1}, {"camera_to_world": [0.9983854293823242, 0.0009487528586760163, -0.056795019656419754, -0.2568923532962799, -1.950590558408294e-06, 0.9998610615730286, 0.016668250784277916, 0.07539298385381699, 0.05680294334888458, -0.016641227528452873, 0.9982467293739319, 2.0574106862625285e-09, 0.0, 0.0, 0.0, 1.0], "fov": 52.43180226479496, "aspect": 1}, {"camera_to_world": [0.9995993375778198, -0.0019190004095435143, 0.028239939361810684, 0.12785451114177704, 9.724698202262516e-07, 0.9977014660835266, 0.06776279956102371, 0.3067917227745056, -0.028305064886808395, -0.06773562729358673, 0.9973016977310181, 2.1165147412460783e-09, 0.0, 0.0, 0.0, 1.0], "fov": 52.43180226479496, "aspect": 1}, {"camera_to_world": [0.9951296448707581, 0.006735768634825945, -0.09834449738264084, -0.44726455211639404, -3.385261834409903e-06, 0.9976649880409241, 0.0682973861694336, 0.31061220169067383, 0.09857489913702011, -0.06796441972255707, 0.9928060173988342, 1.6933908719707347e-09, 0.0, 0.0, 0.0, 1.0], "fov": 52.43180226479496, "aspect": 1}, {"camera_to_world": [0.9998667240142822, 7.34948116587475e-05, 0.01632685400545597, 0.07372991740703583, 5.610802986666386e-07, 0.9999896883964539, -0.00453578308224678, -0.020483002066612244, -0.016327017918229103, 0.004535187501460314, 0.9998564124107361, 2.3903321544338496e-09, 0.0, 0.0, 0.0, 1.0], "fov": 52.43180226479496, "aspect": 1}, {"camera_to_world": [0.997499406337738, 0.005207671318203211, -0.07048262655735016, -0.3199111223220825, -2.4270223093481036e-06, 0.9972841143608093, 0.07365087419748306, 0.33429136872291565, 0.07067475467920303, -0.07346653193235397, 0.9947903156280518, 1.7636092586315044e-09, 0.0, 0.0, 0.0, 1.0], "fov": 52.43180226479496, "aspect": 1}, {"camera_to_world": [0.9981397390365601, -0.0031584948301315308, 0.060886114835739136, 0.27579638361930847, 2.0942870833096094e-06, 0.9986589550971985, 0.051771555095911026, 0.23451006412506104, -0.060967981815338135, -0.05167511850595474, 0.9968011975288391, 2.2936108567961355e-09, 0.0, 0.0, 0.0, 1.0], "fov": 52.43180226479496, "aspect": 1}, {"camera_to_world": [0.9989704489707947, 0.003178906859830022, -0.04525372385978699, -0.20504459738731384, -1.5577591057081008e-06, 0.9975442290306091, 0.07003940641880035, 0.31734851002693176, 0.045365240424871445, -0.06996722519397736, 0.9965172410011292, 1.8636070464594923e-09, 0.0, 0.0, 0.0, 1.0], "fov": 52.43180226479496, "aspect": 1}, {"camera_to_world": [0.9979280829429626, -0.005611719097942114, -0.06409452855587006, -0.2911120057106018, -2.209443891842966e-06, 0.9961860775947571, -0.08725426346063614, -0.3963015675544739, 0.06433972716331482, 0.08707361668348312, 0.9941220283508301, 2.483996119906351e-09, 0.0, 0.0, 0.0, 1.0], "fov": 52.43180226479496, "aspect": 1}, {"camera_to_world": [0.9999479651451111, -0.0005704091745428741, -0.01018279418349266, -0.046052101999521255, -3.4995539976989676e-07, 0.9984328150749207, -0.055963531136512756, -0.25309741497039795, 0.010198757983744144, 0.055960625410079956, 0.9983808994293213, 2.525645470541349e-09, 0.0, 0.0, 0.0, 1.0], "fov": 52.43180226479496, "aspect": 1}, {"camera_to_world": [0.9968025088310242, -0.0038550356402993202, -0.07981179654598236, -0.3619458079338074, -2.7440328267402947e-06, 0.9988338351249695, -0.048279520124197006, -0.21894721686840057, 0.07990484684705734, 0.048125363886356354, 0.9956400990486145, 2.262555254262111e-09, 0.0, 0.0, 0.0, 1.0], "fov": 52.43180226479496, "aspect": 1}, {"camera_to_world": [0.999590277671814, -0.0016076302854344249, -0.028577430173754692, -0.12929058074951172, -9.827283520280616e-07, 0.998419463634491, -0.056200701743364334, -0.25426438450813293, 0.028622614219784737, 0.05617770552635193, 0.9980103969573975, 2.4660522512931493e-09, 0.0, 0.0, 0.0, 1.0], "fov": 52.43180226479496, "aspect": 1}, {"camera_to_world": [0.993790328502655, -0.003326680278405547, 0.11121929436922073, 0.5055428147315979, 3.821890459221322e-06, 0.9995539784431458, 0.0298635084182024, 0.13574336469173431, -0.1112690344452858, -0.02967764064669609, 0.9933471083641052, 2.555725187036728e-09, 0.0, 0.0, 0.0, 1.0], "fov": 52.43180226479496, "aspect": 1}, {"camera_to_world": [0.9913848042488098, -0.010979247279465199, -0.13052041828632355, -0.5965507626533508, -4.498273483477533e-06, 0.9964777827262878, -0.08385688811540604, -0.38327252864837646, 0.13098138570785522, 0.08313503116369247, 0.9878929257392883, 2.248750075040107e-09, 0.0, 0.0, 0.0, 1.0], "fov": 52.43180226479496, "aspect": 1}, {"camera_to_world": [0.9906092882156372, -0.008825359866023064, -0.13643808662891388, -0.623188853263855, -4.695479219662957e-06, 0.9979123473167419, -0.06458304077386856, -0.2949867844581604, 0.13672322034835815, 0.0639771968126297, 0.9885411858558655, 2.144807220716416e-09, 0.0, 0.0, 0.0, 1.0], "fov": 52.43180226479496, "aspect": 1}, {"camera_to_world": [0.9940598607063293, 0.003075595712289214, -0.10879126936197281, -0.4943487048149109, -3.7376396448962623e-06, 0.9996016025543213, 0.02822519652545452, 0.12825559079647064, 0.10883473604917526, -0.028057128190994263, 0.9936638474464417, 1.833616147806083e-09, 0.0, 0.0, 0.0, 1.0], "fov": 52.43180226479496, "aspect": 1}], "keyframes": [{"matrix": "[0.999921560287,-0.000000429772,0.012522708625,0,-0.000151508037,0.999926388264,0.012132031843,0,-0.012521792203,-0.012132977135,0.999848008156,0,-0.056547220796,-0.054791387171,0.000000002328,1.000000000000]", "fov": 52.43180226479496, "aspect": 1, "properties": "[[\"FOV\",52.43180226479496],[\"NAME\",\"Camera 0\"],[\"TIME\",0]]"}, {"matrix": "[0.999870479107,-0.000000552422,0.016093788669,0,0.000739955925,0.998944044113,-0.045937489718,0,-0.016076767817,0.045943450183,0.998814642429,0,-0.072676263750,0.207690924406,0.000000002065,1.000000000000]", "fov": 52.43180226479496, "aspect": 1, "properties": "[[\"FOV\",52.43180226479496],[\"NAME\",\"Camera 1\"],[\"TIME\",1]]"}, {"matrix": "[0.999076664448,0.000001475895,-0.042962837964,0,0.003468334442,0.996733367443,0.080688409507,0,0.042822610587,-0.080762922764,0.995813012123,0,0.194166451693,-0.366195529699,0.000000002809,1.000000000000]", "fov": 52.43180226479496, "aspect": 1, "properties": "[[\"FOV\",52.43180226479496],[\"NAME\",\"Camera 2\"],[\"TIME\",2]]"}, {"matrix": "[0.999294400215,0.000001290315,-0.037559460849,0,0.001547870459,0.999149024487,0.041216444224,0,0.037527553737,-0.041245501488,0.998444020748,0,0.169709190726,-0.186522707343,0.000000002619,1.000000000000]", "fov": 52.43180226479496, "aspect": 1, "properties": "[[\"FOV\",52.43180226479496],[\"NAME\",\"Camera 3\"],[\"TIME\",3]]"}, {"matrix": "[0.999631643295,0.000000932421,-0.027139002457,0,-0.002126663923,0.996927678585,-0.078298792243,0,0.027055548504,0.078327670693,0.996560454369,0,0.122583374381,0.354887247086,0.000000002067,1.000000000000]", "fov": 52.43180226479496, "aspect": 1, "properties": "[[\"FOV\",52.43180226479496],[\"NAME\",\"Camera 4\"],[\"TIME\",4]]"}, {"matrix": "[0.996772646904,-0.000002756800,0.080276563764,0,-0.004436512943,0.998469829559,0.055121287704,0,-0.080153875053,-0.055299535394,0.995247364044,0,-0.363640576601,-0.250881880522,0.000000002292,1.000000000000]", "fov": 52.43180226479496, "aspect": 1, "properties": "[[\"FOV\",52.43180226479496],[\"NAME\",\"Camera 5\"],[\"TIME\",5]]"}, {"matrix": "[0.999719023705,0.000000814414,-0.023703092709,0,0.000509611040,0.999768137932,0.021528080106,0,0.023697614670,-0.021534109488,0.999487221241,0,0.107054829597,-0.097281113267,0.000000002488,1.000000000000]", "fov": 52.43180226479496, "aspect": 1, "properties": "[[\"FOV\",52.43180226479496],[\"NAME\",\"Camera 6\"],[\"TIME\",6]]"}, {"matrix": "[0.999537646770,0.000001044597,-0.030405126512,0,-0.000356010743,0.999931871891,-0.011669137515,0,0.030403042212,0.011674567126,0.999469518661,0,0.137349262834,0.052741199732,0.000000002367,1.000000000000]", "fov": 52.43180226479496, "aspect": 1, "properties": "[[\"FOV\",52.43180226479496],[\"NAME\",\"Camera 7\"],[\"TIME\",7]]"}, {"matrix": "[0.999843060970,0.000000608831,-0.017717337236,0,0.000861322973,0.998815953732,0.048641387373,0,0.017696389928,-0.048649013042,0.998659133911,0,0.080010369420,-0.219955891371,0.000000002586,1.000000000000]", "fov": 52.43180226479496, "aspect": 1, "properties": "[[\"FOV\",52.43180226479496],[\"NAME\",\"Camera 8\"],[\"TIME\",8]]"}, {"matrix": "[0.999979257584,-0.000000220751,0.006436834112,0,0.000145393773,0.999745666981,-0.022553022951,0,-0.006435191724,0.022553492337,0.999724924564,0,-0.029064284638,0.101861968637,0.000000002198,1.000000000000]", "fov": 52.43180226479496, "aspect": 1, "properties": "[[\"FOV\",52.43180226479496],[\"NAME\",\"Camera 9\"],[\"TIME\",9]]"}, {"matrix": "[0.990952193737,0.000004609990,-0.134215414524,0,-0.000415815652,0.999995291233,-0.003035742557,0,0.134214773774,0.003064084565,0.990947544575,0,0.611545145512,0.013961393386,0.000000002750,1.000000000000]", "fov": 52.43180226479496, "aspect": 1, "properties": "[[\"FOV\",52.43180226479496],[\"NAME\",\"Camera 10\"],[\"TIME\",10]]"}, {"matrix": "[0.999818265438,-0.000000654433,0.019063934684,0,0.001309891348,0.997639000416,-0.068663701415,0,-0.019018881023,0.068676196039,0.997457683086,0,-0.086093276739,0.310878425837,0.000000001957,1.000000000000]", "fov": 52.43180226479496, "aspect": 1, "properties": "[[\"FOV\",52.43180226479496],[\"NAME\",\"Camera 11\"],[\"TIME\",11]]"}, {"matrix": "[0.995913922787,0.000003101964,-0.090307578444,0,-0.000121399338,0.999999165535,-0.001304445672,0,0.090307496488,0.001310078893,0.995913088322,0,0.409431457520,0.005939562339,0.000000002610,1.000000000000]", "fov": 52.43180226479496, "aspect": 1, "properties": "[[\"FOV\",52.43180226479496],[\"NAME\",\"Camera 12\"],[\"TIME\",12]]"}, {"matrix": "[0.994509160519,0.000003594541,-0.104649506509,0,-0.002613317221,0.999688982964,-0.024800637737,0,0.104616872966,0.024937944487,0.994199872017,0,0.475123912096,0.113257184625,0.000000002555,1.000000000000]", "fov": 52.43180226479496, "aspect": 1, "properties": "[[\"FOV\",52.43180226479496],[\"NAME\",\"Camera 13\"],[\"TIME\",13]]"}, {"matrix": "[0.997726440430,-0.000002314337,0.067393802106,0,0.003115078667,0.998932778835,-0.046082641929,0,-0.067321777344,0.046187806875,0.996661663055,0,-0.304990708828,0.209246605635,0.000000001894,1.000000000000]", "fov": 52.43180226479496, "aspect": 1, "properties": "[[\"FOV\",52.43180226479496],[\"NAME\",\"Camera 14\"],[\"TIME\",14]]"}, {"matrix": "[0.990731239319,-0.000004665038,0.135836899281,0,0.011336120777,0.996514499187,-0.082646176219,0,-0.135363042355,0.083420008421,0.987278044224,0,-0.619069576263,0.381513208151,0.000000001500,1.000000000000]", "fov": 52.43180226479496, "aspect": 1, "properties": "[[\"FOV\",52.43180226479496],[\"NAME\",\"Camera 15\"],[\"TIME\",15]]"}, {"matrix": "[0.997308135033,-0.000002518023,0.073324322701,0,0.000615099387,0.999965071678,-0.008331828751,0,-0.073321744800,0.008354502730,0.997273325920,0,-0.331968873739,0.037825543433,0.000000002039,1.000000000000]", "fov": 52.43180226479496, "aspect": 1, "properties": "[[\"FOV\",52.43180226479496],[\"NAME\",\"Camera 16\"],[\"TIME\",16]]"}, {"matrix": "[0.999865710735,-0.000000562553,0.016388762742,0,0.000194668872,0.999929845333,-0.011842273176,0,-0.016387606040,0.011843873188,0.999795556068,0,-0.074008755386,0.053488615900,0.000000002212,1.000000000000]", "fov": 52.43180226479496, "aspect": 1, "properties": "[[\"FOV\",52.43180226479496],[\"NAME\",\"Camera 17\"],[\"TIME\",17]]"}, {"matrix": "[0.995026588440,0.000003421444,-0.099609598517,0,-0.006419258658,0.997923493385,-0.064089395106,0,0.099402539432,0.064410075545,0.992960453033,0,0.452006191015,0.292887389660,0.000000002366,1.000000000000]", "fov": 52.43180226479496, "aspect": 1, "properties": "[[\"FOV\",52.43180226479496],[\"NAME\",\"Camera 18\"],[\"TIME\",18]]"}, {"matrix": "[0.990289390087,0.000004775043,-0.139021128416,0,-0.006121392362,0.999031603336,-0.043570209295,0,0.138886287808,0.043998122215,0.989330470562,0,0.633865118027,0.200803637505,0.000000002587,1.000000000000]", "fov": 52.43180226479496, "aspect": 1, "properties": "[[\"FOV\",52.43180226479496],[\"NAME\",\"Camera 19\"],[\"TIME\",19]]"}, {"matrix": "[0.992013096809,0.000004332459,-0.126134812832,0,0.002558796434,0.999793529510,0.020158519968,0,0.126108855009,-0.020320270211,0.991808295250,0,0.574112117290,-0.092508278787,0.000000002824,1.000000000000]", "fov": 52.43180226479496, "aspect": 1, "properties": "[[\"FOV\",52.43180226479496],[\"NAME\",\"Camera 20\"],[\"TIME\",20]]"}, {"matrix": "[0.999872982502,0.000000547697,-0.015937361866,0,0.001112897997,0.997556567192,0.069854915142,0,0.015898456797,-0.069863781333,0.997429847717,0,0.071970000863,-0.316263139248,0.000000002672,1.000000000000]", "fov": 52.43180226479496, "aspect": 1, "properties": "[[\"FOV\",52.43180226479496],[\"NAME\",\"Camera 21\"],[\"TIME\",21]]"}, {"matrix": "[0.997486174107,0.000002434068,-0.070861078799,0,-0.000416184048,0.999982953072,-0.005824125372,0,0.070859856904,0.005838976242,0.997469186783,0,0.320759564638,0.026431143284,0.000000002526,1.000000000000]", "fov": 52.43180226479496, "aspect": 1, "properties": "[[\"FOV\",52.43180226479496],[\"NAME\",\"Camera 22\"],[\"TIME\",22]]"}, {"matrix": "[0.999999046326,0.000000047539,-0.001374704996,0,0.000103150262,0.997178316116,0.075068883598,0,0.001370829530,-0.075068958104,0.997177422047,0,0.006207127590,-0.339912235737,0.000000002647,1.000000000000]", "fov": 52.43180226479496, "aspect": 1, "properties": "[[\"FOV\",52.43180226479496],[\"NAME\",\"Camera 23\"],[\"TIME\",23]]"}, {"matrix": "[0.998495399952,-0.000001883036,0.054836027324,0,-0.001258448116,0.999735832214,0.022949093953,0,-0.054821584374,-0.022983573377,0.998231589794,0,-0.247969970107,-0.103959716856,0.000000002236,1.000000000000]", "fov": 52.43180226479496, "aspect": 1, "properties": "[[\"FOV\",52.43180226479496],[\"NAME\",\"Camera 24\"],[\"TIME\",24]]"}, {"matrix": "[0.999164760113,-0.000001403104,0.040862284601,0,-0.001730108634,0.999101817608,0.042338930070,0,-0.040825642645,-0.042374264449,0.998267352581,0,-0.184656664729,-0.191661179066,0.000000002366,1.000000000000]", "fov": 52.43180226479496, "aspect": 1, "properties": "[[\"FOV\",52.43180226479496],[\"NAME\",\"Camera 25\"],[\"TIME\",25]]"}, {"matrix": "[0.995062947273,0.000003408950,-0.099245816469,0,-0.005599753000,0.998408854008,-0.056110203266,0,0.099087715149,0.056388936937,0.993479728699,0,0.450339108706,0.256279408932,0.000000002400,1.000000000000]", "fov": 52.43180226479496, "aspect": 1, "properties": "[[\"FOV\",52.43180226479496],[\"NAME\",\"Camera 26\"],[\"TIME\",26]]"}, {"matrix": "[0.994484961033,-0.000003601785,0.104879207909,0,-0.005331956781,0.998705148697,0.050592944026,0,-0.104743584991,-0.050873134285,0.993197202682,0,-0.476179569960,-0.231276676059,0.000000002191,1.000000000000]", "fov": 52.43180226479496, "aspect": 1, "properties": "[[\"FOV\",52.43180226479496],[\"NAME\",\"Camera 27\"],[\"TIME\",27]]"}, {"matrix": "[0.999909877777,0.000000461412,-0.013425064273,0,0.000989292748,0.997278690338,0.073717616498,0,0.013388563879,-0.073724254966,0.997188806534,0,0.060622736812,-0.333819597960,0.000000002681,1.000000000000]", "fov": 52.43180226479496, "aspect": 1, "properties": "[[\"FOV\",52.43180226479496],[\"NAME\",\"Camera 28\"],[\"TIME\",28]]"}, {"matrix": "[0.993895292282,0.000003789552,-0.110327482224,0,0.009053748101,0.996624410152,0.081595748663,0,0.109955370426,-0.082096509635,0.990540266037,0,0.501213967800,-0.374223798513,0.000000003041,1.000000000000]", "fov": 52.43180226479496, "aspect": 1, "properties": "[[\"FOV\",52.43180226479496],[\"NAME\",\"Camera 29\"],[\"TIME\",29]]"}, {"matrix": "[0.999323487282,-0.000001262824,0.036777891219,0,-0.003033527872,0.996589720249,0.082460790873,0,-0.036652568728,-0.082516573370,0.995915472507,0,-0.166173115373,-0.374108493328,0.000000002554,1.000000000000]", "fov": 52.43180226479496, "aspect": 1, "properties": "[[\"FOV\",52.43180226479496],[\"NAME\",\"Camera 30\"],[\"TIME\",30]]"}, {"matrix": "[0.994098484516,0.000003726141,-0.108481198549,0,0.000952295784,0.999961197376,0.008760981262,0,0.108477018774,-0.008812584914,0.994059920311,0,0.492724359035,-0.040028531104,0.000000002715,1.000000000000]", "fov": 52.43180226479496, "aspect": 1, "properties": "[[\"FOV\",52.43180226479496],[\"NAME\",\"Camera 31\"],[\"TIME\",31]]"}, {"matrix": "[0.999086320400,0.000001468177,-0.042738121003,0,0.000643679406,0.999886035919,0.015081601217,0,0.042733274400,-0.015095330775,0.998972475529,0,0.193148568273,-0.068228840828,0.000000002523,1.000000000000]", "fov": 52.43180226479496, "aspect": 1, "properties": "[[\"FOV\",52.43180226479496],[\"NAME\",\"Camera 32\"],[\"TIME\",32]]"}, {"matrix": "[0.997330188751,-0.000002507695,0.073023639619,0,0.001815262833,0.999691843987,-0.024757867679,0,-0.073001071811,0.024824326858,0.997022867203,0,-0.330600053072,0.112421967089,0.000000001968,1.000000000000]", "fov": 52.43180226479496, "aspect": 1, "properties": "[[\"FOV\",52.43180226479496],[\"NAME\",\"Camera 33\"],[\"TIME\",33]]"}, {"matrix": "[0.995440781116,-0.000003275592,0.095381751657,0,0.002737171948,0.999589145184,-0.028531854972,0,-0.095342472196,0.028662847355,0.995031774044,0,-0.432641595602,0.130065217614,0.000000001877,1.000000000000]", "fov": 52.43180226479496, "aspect": 1, "properties": "[[\"FOV\",52.43180226479496],[\"NAME\",\"Camera 34\"],[\"TIME\",34]]"}, {"matrix": "[0.998385429382,-0.000001950591,0.056802943349,0,0.000948752859,0.999861061573,-0.016641227528,0,-0.056795019656,0.016668250784,0.998246729374,0,-0.256892353296,0.075392983854,0.000000002057,1.000000000000]", "fov": 52.43180226479496, "aspect": 1, "properties": "[[\"FOV\",52.43180226479496],[\"NAME\",\"Camera 35\"],[\"TIME\",35]]"}, {"matrix": "[0.999599337578,0.000000972470,-0.028305064887,0,-0.001919000410,0.997701466084,-0.067735627294,0,0.028239939362,0.067762799561,0.997301697731,0,0.127854511142,0.306791722775,0.000000002117,1.000000000000]", "fov": 52.43180226479496, "aspect": 1, "properties": "[[\"FOV\",52.43180226479496],[\"NAME\",\"Camera 36\"],[\"TIME\",36]]"}, {"matrix": "[0.995129644871,-0.000003385262,0.098574899137,0,0.006735768635,0.997664988041,-0.067964419723,0,-0.098344497383,0.068297386169,0.992806017399,0,-0.447264552116,0.310612201691,0.000000001693,1.000000000000]", "fov": 52.43180226479496, "aspect": 1, "properties": "[[\"FOV\",52.43180226479496],[\"NAME\",\"Camera 37\"],[\"TIME\",37]]"}, {"matrix": "[0.999866724014,0.000000561080,-0.016327017918,0,0.000073494812,0.999989688396,0.004535187501,0,0.016326854005,-0.004535783082,0.999856412411,0,0.073729917407,-0.020483002067,0.000000002390,1.000000000000]", "fov": 52.43180226479496, "aspect": 1, "properties": "[[\"FOV\",52.43180226479496],[\"NAME\",\"Camera 38\"],[\"TIME\",38]]"}, {"matrix": "[0.997499406338,-0.000002427022,0.070674754679,0,0.005207671318,0.997284114361,-0.073466531932,0,-0.070482626557,0.073650874197,0.994790315628,0,-0.319911122322,0.334291368723,0.000000001764,1.000000000000]", "fov": 52.43180226479496, "aspect": 1, "properties": "[[\"FOV\",52.43180226479496],[\"NAME\",\"Camera 39\"],[\"TIME\",39]]"}, {"matrix": "[0.998139739037,0.000002094287,-0.060967981815,0,-0.003158494830,0.998658955097,-0.051675118506,0,0.060886114836,0.051771555096,0.996801197529,0,0.275796383619,0.234510064125,0.000000002294,1.000000000000]", "fov": 52.43180226479496, "aspect": 1, "properties": "[[\"FOV\",52.43180226479496],[\"NAME\",\"Camera 40\"],[\"TIME\",40]]"}, {"matrix": "[0.998970448971,-0.000001557759,0.045365240425,0,0.003178906860,0.997544229031,-0.069967225194,0,-0.045253723860,0.070039406419,0.996517241001,0,-0.205044597387,0.317348510027,0.000000001864,1.000000000000]", "fov": 52.43180226479496, "aspect": 1, "properties": "[[\"FOV\",52.43180226479496],[\"NAME\",\"Camera 41\"],[\"TIME\",41]]"}, {"matrix": "[0.997928082943,-0.000002209444,0.064339727163,0,-0.005611719098,0.996186077595,0.087073616683,0,-0.064094528556,-0.087254263461,0.994122028351,0,-0.291112005711,-0.396301567554,0.000000002484,1.000000000000]", "fov": 52.43180226479496, "aspect": 1, "properties": "[[\"FOV\",52.43180226479496],[\"NAME\",\"Camera 42\"],[\"TIME\",42]]"}, {"matrix": "[0.999947965145,-0.000000349955,0.010198757984,0,-0.000570409175,0.998432815075,0.055960625410,0,-0.010182794183,-0.055963531137,0.998380899429,0,-0.046052102000,-0.253097414970,0.000000002526,1.000000000000]", "fov": 52.43180226479496, "aspect": 1, "properties": "[[\"FOV\",52.43180226479496],[\"NAME\",\"Camera 43\"],[\"TIME\",43]]"}, {"matrix": "[0.996802508831,-0.000002744033,0.079904846847,0,-0.003855035640,0.998833835125,0.048125363886,0,-0.079811796546,-0.048279520124,0.995640099049,0,-0.361945807934,-0.218947216868,0.000000002263,1.000000000000]", "fov": 52.43180226479496, "aspect": 1, "properties": "[[\"FOV\",52.43180226479496],[\"NAME\",\"Camera 44\"],[\"TIME\",44]]"}, {"matrix": "[0.999590277672,-0.000000982728,0.028622614220,0,-0.001607630285,0.998419463634,0.056177705526,0,-0.028577430174,-0.056200701743,0.998010396957,0,-0.129290580750,-0.254264384508,0.000000002466,1.000000000000]", "fov": 52.43180226479496, "aspect": 1, "properties": "[[\"FOV\",52.43180226479496],[\"NAME\",\"Camera 45\"],[\"TIME\",45]]"}, {"matrix": "[0.993790328503,0.000003821890,-0.111269034445,0,-0.003326680278,0.999553978443,-0.029677640647,0,0.111219294369,0.029863508418,0.993347108364,0,0.505542814732,0.135743364692,0.000000002556,1.000000000000]", "fov": 52.43180226479496, "aspect": 1, "properties": "[[\"FOV\",52.43180226479496],[\"NAME\",\"Camera 46\"],[\"TIME\",46]]"}, {"matrix": "[0.991384804249,-0.000004498273,0.130981385708,0,-0.010979247279,0.996477782726,0.083135031164,0,-0.130520418286,-0.083856888115,0.987892925739,0,-0.596550762653,-0.383272528648,0.000000002249,1.000000000000]", "fov": 52.43180226479496, "aspect": 1, "properties": "[[\"FOV\",52.43180226479496],[\"NAME\",\"Camera 47\"],[\"TIME\",47]]"}, {"matrix": "[0.990609288216,-0.000004695479,0.136723220348,0,-0.008825359866,0.997912347317,0.063977196813,0,-0.136438086629,-0.064583040774,0.988541185856,0,-0.623188853264,-0.294986784458,0.000000002145,1.000000000000]", "fov": 52.43180226479496, "aspect": 1, "properties": "[[\"FOV\",52.43180226479496],[\"NAME\",\"Camera 48\"],[\"TIME\",48]]"}, {"matrix": "[0.994059860706,-0.000003737640,0.108834736049,0,0.003075595712,0.999601602554,-0.028057128191,0,-0.108791269362,0.028225196525,0.993663847446,0,-0.494348704815,0.128255590796,0.000000001834,1.000000000000]", "fov": 52.43180226479496, "aspect": 1, "properties": "[[\"FOV\",52.43180226479496],[\"NAME\",\"Camera 49\"],[\"TIME\",49]]"}], "fps": 24, "is_cycle": false, "crop": null, "smoothness_value": 0.5}