{"seconds": 4, "camera_type": "perspective", "render_height": 512.0, "render_width": 512.0, "camera_path": [{"camera_to_world": [0.9993909001350403, -0.0007821560720913112, -0.034888241440057755, -0.1579393446445465, 5.926662925048731e-05, 0.9997853636741638, -0.020716369152069092, -0.09378323704004288, 0.034896958619356155, 0.020701682195067406, 0.9991765022277832, -4.364004158041723e-10, 0.0, 0.0, 0.0, 1.0], "fov": 48.84291973254298, "aspect": 1}, {"camera_to_world": [0.999997079372406, 6.600741926376941e-06, 0.002425478072836995, 0.010971208103001118, -4.118333890801296e-06, 0.999999463558197, -0.0010234751971438527, -0.00462952209636569, -0.002425483660772443, 0.00102346227504313, 0.999996542930603, 5.460341623297893e-10, 0.0, 0.0, 0.0, 1.0], "fov": 48.84291973254298, "aspect": 1}, {"camera_to_world": [0.9992444515228271, 0.0006866699550300837, 0.03886004909873009, 0.17593032121658325, -6.60056175547652e-05, 0.9998724460601807, -0.01597081497311592, -0.072304368019104, -0.038866057991981506, 0.015956182032823563, 0.9991170167922974, 2.6315292167566895e-09, 0.0, 0.0, 0.0, 1.0], "fov": 48.84291973254298, "aspect": 1}, {"camera_to_world": [0.9950992465019226, -0.004870020784437656, 0.09876137226819992, 0.44950953125953674, -0.00016792980022728443, 0.9987017512321472, 0.05093899369239807, 0.23184730112552643, -0.09888122975826263, -0.050705939531326294, 0.9938065409660339, 3.0602536060797547e-09, 0.0, 0.0, 0.0, 1.0], "fov": 48.84291973254298, "aspect": 1}, {"camera_to_world": [0.995104968547821, 0.005381450057029724, 0.09867692738771439, 0.4491645097732544, -0.00016783161845523864, 0.99860680103302, -0.05276757851243019, -0.24019116163253784, -0.0988234207034111, 0.052492719143629074, 0.9937195181846619, 6.491881698877933e-09, 0.0, 0.0, 0.0, 1.0], "fov": 48.84291973254298, "aspect": 1}, {"camera_to_world": [0.9989973306655884, -0.00044291827362030745, -0.04476727172732353, -0.20270495116710663, 7.603306585224345e-05, 0.9999663829803467, -0.008196759968996048, -0.03711474686861038, 0.044769398868083954, 0.008185137063264847, 0.9989638328552246, -1.2810774663307711e-09, 0.0, 0.0, 0.0, 1.0], "fov": 48.84291973254298, "aspect": 1}, {"camera_to_world": [0.9994894862174988, 0.0014006270794197917, 0.03191813454031944, 0.14457693696022034, -5.425799827207811e-05, 0.999111533164978, -0.04214382916688919, -0.19089537858963013, -0.03194880485534668, 0.04212058335542679, 0.9986016154289246, 3.1917155585148294e-09, 0.0, 0.0, 0.0, 1.0], "fov": 48.84291973254298, "aspect": 1}, {"camera_to_world": [0.9998949766159058, -0.0005089425831101835, -0.014485514722764492, -0.06556550413370132, 2.4616876544314437e-05, 0.9994415640830994, -0.03341573476791382, -0.15124914050102234, 0.01449443120509386, 0.033411867916584015, 0.9993365406990051, 8.738390011586716e-10, 0.0, 0.0, 0.0, 1.0], "fov": 48.84291973254298, "aspect": 1}, {"camera_to_world": [0.9952475428581238, -0.004115613643079996, -0.09729045629501343, -0.4425376057624817, 0.00016537746705580503, 0.9991764426231384, -0.040575746446847916, -0.18456383049488068, 0.09737733006477356, 0.040366820991039276, 0.9944285750389099, -2.5242097301259037e-09, 0.0, 0.0, 0.0, 1.0], "fov": 48.84291973254298, "aspect": 1}, {"camera_to_world": [0.9999769926071167, 0.0002069461770588532, 0.006779354065656662, 0.030678419396281242, -1.1517889106471557e-05, 0.9995847940444946, -0.028814341872930527, -0.13039255142211914, -0.00678250240162015, 0.028813600540161133, 0.9995617866516113, 1.6515101508574048e-09, 0.0, 0.0, 0.0, 1.0], "fov": 48.84291973254298, "aspect": 1}, {"camera_to_world": [0.9994155168533325, -0.0006858365959487855, 0.03417746350169182, 0.15472136437892914, -5.8054542023455724e-05, 0.9997632503509521, 0.021759802475571632, 0.09850655496120453, -0.0341842919588089, -0.021749068051576614, 0.9991788864135742, 1.1837434366057664e-09, 0.0, 0.0, 0.0, 1.0], "fov": 48.84291973254298, "aspect": 1}, {"camera_to_world": [0.9975016117095947, -0.0035441622603684664, 0.07055510580539703, 0.32037124037742615, -0.00011997425463050604, 0.998654305934906, 0.05186112970113754, 0.2354869842529297, -0.07064396142959595, -0.051740024238824844, 0.9961588382720947, 1.7866604862248892e-09, 0.0, 0.0, 0.0, 1.0], "fov": 48.84291973254298, "aspect": 1}, {"camera_to_world": [0.9985809922218323, -0.0020871730521321297, -0.053213100880384445, -0.24120940268039703, 9.0442415967118e-05, 0.9992966651916504, -0.037498120218515396, -0.16997511684894562, 0.05325394123792648, 0.03744009509682655, 0.9978788495063782, -6.861135548597019e-10, 0.0, 0.0, 0.0, 1.0], "fov": 48.84291973254298, "aspect": 1}, {"camera_to_world": [0.9997713565826416, 0.00014449021546170115, 0.02138376235961914, 0.09674818068742752, -3.6316087062004954e-05, 0.9999871850013733, -0.005059006158262491, -0.022888872772455215, -0.021384218707680702, 0.0050570727325975895, 0.9997585415840149, 1.5072658676729134e-09, 0.0, 0.0, 0.0, 1.0], "fov": 48.84291973254298, "aspect": 1}, {"camera_to_world": [0.9977453947067261, 0.00038397469324991107, -0.06711145490407944, -0.30425825715065, 0.00011397842899896204, 0.9999725222587585, 0.007415806874632835, 0.03362046554684639, 0.06711245328187943, -0.007406736724078655, 0.9977179169654846, -2.7765232335497103e-09, 0.0, 0.0, 0.0, 1.0], "fov": 48.84291973254298, "aspect": 1}, {"camera_to_world": [0.9991306662559509, 0.0023919064551591873, -0.041619572788476944, -0.18875040113925934, 7.080021896399558e-05, 0.9982538223266602, 0.059070006012916565, 0.2678905129432678, 0.041688188910484314, -0.05902159959077835, 0.9973858594894409, -3.365798084686844e-09, 0.0, 0.0, 0.0, 1.0], "fov": 48.84291973254298, "aspect": 1}, {"camera_to_world": [0.996366024017334, -0.005755776539444923, -0.08497998863458633, -0.3866300880908966, 0.00014465342974290252, 0.9978270530700684, -0.06588777154684067, -0.29976704716682434, 0.085174560546875, 0.0656360387802124, 0.9942017793655396, -1.14598408540445e-09, 0.0, 0.0, 0.0, 1.0], "fov": 48.84291973254298, "aspect": 1}, {"camera_to_world": [0.9973185658454895, -5.349802813725546e-05, 0.07318232208490372, 0.3319152593612671, -0.00012428502668626606, 0.999997079372406, 0.002424760954454541, 0.010997356846928596, -0.07318223267793655, -0.0024273544549942017, 0.9973156452178955, 3.531723358207728e-09, 0.0, 0.0, 0.0, 1.0], "fov": 48.84291973254298, "aspect": 1}, {"camera_to_world": [0.9983791708946228, -0.0002682057674974203, -0.056911543011665344, -0.2578459680080414, 9.66550869634375e-05, 0.9999954700469971, -0.0030170700047165155, -0.013669312000274658, 0.05691209435462952, 0.003006679005920887, 0.9983746409416199, -1.9841914777884995e-09, 0.0, 0.0, 0.0, 1.0], "fov": 48.84291973254298, "aspect": 1}, {"camera_to_world": [0.9999200105667114, -0.00011622174497460946, 0.012646244838833809, 0.057210538536310196, -2.1477200789377093e-05, 0.9999407529830933, 0.010887843556702137, 0.04925559461116791, -0.012646760791540146, -0.010887243784964085, 0.9998607635498047, 6.004595154429637e-10, 0.0, 0.0, 0.0, 1.0], "fov": 48.84291973254298, "aspect": 1}, {"camera_to_world": [0.9966306686401367, 0.0035707512870430946, 0.08194223791360855, 0.3722267150878906, -0.0001392940612277016, 0.9991241693496704, -0.041844096034765244, -0.19007892906665802, -0.0820198804140091, 0.041691698133945465, 0.9957582950592041, 5.384221957172031e-09, 0.0, 0.0, 0.0, 1.0], "fov": 48.84291973254298, "aspect": 1}, {"camera_to_world": [0.9996367692947388, -0.0012773990165442228, -0.026920007541775703, -0.12193837016820908, 4.5770695578539744e-05, 0.9989550709724426, -0.04570244625210762, -0.2070164680480957, 0.026950258761644363, 0.04568461328744888, 0.9985923171043396, 7.352492503720498e-10, 0.0, 0.0, 0.0, 1.0], "fov": 48.84291973254298, "aspect": 1}, {"camera_to_world": [0.9997871518135071, 0.0010061115026474, -0.02060564234852791, -0.0933438390493393, 3.50372247339692e-05, 0.9987258315086365, 0.05046478658914566, 0.22860626876354218, 0.020630160346627235, -0.050454769283533096, 0.9985132217407227, -2.158576872801632e-09, 0.0, 0.0, 0.0, 1.0], "fov": 48.84291973254298, "aspect": 1}, {"camera_to_world": [0.9998379349708557, -0.0010088200215250254, 0.017976123839616776, 0.081460140645504, -3.0576087738154456e-05, 0.9983323812484741, 0.057727064937353134, 0.261594295501709, -0.01800438202917576, -0.05771825835108757, 0.9981705546379089, -7.105184218758609e-10, 0.0, 0.0, 0.0, 1.0], "fov": 48.84291973254298, "aspect": 1}, {"camera_to_world": [0.9956011176109314, 0.004572766367346048, -0.09358139336109161, -0.425708532333374, 0.0001591202017152682, 0.9987243413925171, 0.05049458146095276, 0.22970348596572876, 0.09369291365146637, -0.05028735101222992, 0.9943303465843201, -5.37625588492574e-09, 0.0, 0.0, 0.0, 1.0], "fov": 48.84291973254298, "aspect": 1}, {"camera_to_world": [0.9986976981163025, -0.0022122554946690798, -0.05097048357129097, -0.23105503618717194, 8.66457776282914e-05, 0.9991315603256226, -0.04166727885603905, -0.18888263404369354, 0.05101839452981949, 0.041608601808547974, 0.9978305697441101, -4.5046391616843096e-10, 0.0, 0.0, 0.0, 1.0], "fov": 48.84291973254298, "aspect": 1}, {"camera_to_world": [0.9989045858383179, -0.0008340998901985586, -0.04678647592663765, -0.21188797056674957, 7.947119593154639e-05, 0.9998699426651001, -0.016128746792674065, -0.07304440438747406, 0.04679384455084801, 0.016107361763715744, 0.9987747073173523, -1.1083038931047895e-09, 0.0, 0.0, 0.0, 1.0], "fov": 48.84291973254298, "aspect": 1}, {"camera_to_world": [0.9994357228279114, 0.0010834361892193556, 0.03357208892703056, 0.15201278030872345, -5.704443174181506e-05, 0.9995329976081848, -0.03055865690112114, -0.13836809992790222, -0.03358951956033707, 0.03053949773311615, 0.9989690184593201, 2.8812907615360928e-09, 0.0, 0.0, 0.0, 1.0], "fov": 48.84291973254298, "aspect": 1}, {"camera_to_world": [0.9980202913284302, 0.0022232758346945047, -0.06285370141267776, -0.28506460785865784, 0.00010681236744858325, 0.9993136525154114, 0.037043970078229904, 0.1680079996585846, 0.06289292126893997, -0.03697734698653221, 0.9973350167274475, -3.569087025923068e-09, 0.0, 0.0, 0.0, 1.0], "fov": 48.84291973254298, "aspect": 1}, {"camera_to_world": [0.9985580444335938, 0.00019827364303637296, 0.05368223041296005, 0.24317099153995514, -9.116851288126782e-05, 0.9999979734420776, -0.001997610554099083, -0.00904885958880186, -0.053682517260313034, 0.001989835873246193, 0.9985560774803162, 2.8205806579251202e-09, 0.0, 0.0, 0.0, 1.0], "fov": 48.84291973254298, "aspect": 1}, {"camera_to_world": [0.9984894394874573, 0.0005339289200492203, 0.054941270500421524, 0.24889883399009705, -9.331053297501057e-05, 0.9999678134918213, -0.008022059686481953, -0.036342136561870575, -0.054943785071372986, 0.008004815317690372, 0.9984573721885681, 3.074504650868448e-09, 0.0, 0.0, 0.0, 1.0], "fov": 48.84291973254298, "aspect": 1}, {"camera_to_world": [0.9998548030853271, -0.00022226465807761997, 0.01703936606645584, 0.0770934671163559, -2.8939613912370987e-05, 0.9998913407325745, 0.014740918762981892, 0.0666942149400711, -0.017040790989995003, -0.014739271253347397, 0.9997461438179016, 6.655734297034144e-10, 0.0, 0.0, 0.0, 1.0], "fov": 48.84291973254298, "aspect": 1}, {"camera_to_world": [0.9967605471611023, 0.00015925308980513364, -0.08042626082897186, -0.36497533321380615, 0.0001365894277114421, 0.9999932646751404, 0.0036729169078171253, 0.016667703166604042, 0.08042629808187485, -0.0036720039788633585, 0.9967538118362427, -3.2395137683494113e-09, 0.0, 0.0, 0.0, 1.0], "fov": 48.84291973254298, "aspect": 1}, {"camera_to_world": [0.9989396333694458, 0.0023920962121337652, 0.04597686976194382, 0.2084505558013916, -7.818745507393032e-05, 0.9987359642982483, -0.05026371031999588, -0.22788628935813904, -0.04603898897767067, 0.05020681768655777, 0.9976771473884583, 4.07773059762917e-09, 0.0, 0.0, 0.0, 1.0], "fov": 48.84291973254298, "aspect": 1}, {"camera_to_world": [0.9999452233314514, 0.0001603161945240572, 0.010462977923452854, 0.04733402281999588, -1.7770526028471068e-05, 0.9999071955680847, -0.013622485101222992, -0.06162746250629425, -0.010464190505445004, 0.013621553778648376, 0.9998524785041809, 1.3119615394074913e-09, 0.0, 0.0, 0.0, 1.0], "fov": 48.84291973254298, "aspect": 1}, {"camera_to_world": [0.995911180973053, 0.004769543651491404, 0.09021170437335968, 0.41026410460472107, -0.00015342004189733416, 0.9986931085586548, -0.05110775679349899, -0.23242749273777008, -0.09033756703138351, 0.050884947180747986, 0.9946103692054749, 6.059719392936813e-09, 0.0, 0.0, 0.0, 1.0], "fov": 48.84291973254298, "aspect": 1}, {"camera_to_world": [0.9990028738975525, 0.0018535949056968093, -0.0446074940264225, -0.2021624594926834, 7.582336547784507e-05, 0.9990658760070801, 0.04321272298693657, 0.19584131240844727, 0.044645924121141434, -0.043173015117645264, 0.9980695247650146, -2.9710280902151e-09, 0.0, 0.0, 0.0, 1.0], "fov": 48.84291973254298, "aspect": 1}, {"camera_to_world": [0.9953245520591736, 0.0008165276376530528, -0.09658362716436386, -0.43894970417022705, 0.00016403515473939478, 0.9999485611915588, 0.010144098661839962, 0.04610249027609825, 0.09658694267272949, -0.010112512856721878, 0.9952731728553772, -4.168088096889733e-09, 0.0, 0.0, 0.0, 1.0], "fov": 48.84291973254298, "aspect": 1}, {"camera_to_world": [0.9990973472595215, 0.0011662001488730311, 0.042462803423404694, 0.19230857491493225, -7.21410833648406e-05, 0.9996682405471802, -0.02575753629207611, -0.11665257066488266, -0.04247875511646271, 0.025731222704052925, 0.9987659454345703, 3.1124123278658544e-09, 0.0, 0.0, 0.0, 1.0], "fov": 48.84291973254298, "aspect": 1}, {"camera_to_world": [0.9999006390571594, 0.00033604432246647775, 0.014091856777668, 0.06376344710588455, -2.3938186131999828e-05, 0.9997548460960388, -0.022142300382256508, -0.10019040107727051, -0.014095842838287354, 0.022139763459563255, 0.9996554851531982, 1.751240152891853e-09, 0.0, 0.0, 0.0, 1.0], "fov": 48.84291973254298, "aspect": 1}, {"camera_to_world": [0.9961636066436768, 0.0012486173072829843, -0.08750168979167938, -0.3973696827888489, 0.0001486205292167142, 0.999872624874115, 0.015959789976477623, 0.07247783988714218, 0.08751047402620316, -0.015911566093564034, 0.9960365295410156, -3.958473548948405e-09, 0.0, 0.0, 0.0, 1.0], "fov": 48.84291973254298, "aspect": 1}, {"camera_to_world": [0.9994310140609741, -0.0014441394014284015, -0.03369796276092529, -0.1526411920785904, 5.728281757910736e-05, 0.9991542100906372, -0.041120219975709915, -0.18626177310943604, 0.03372884541749954, 0.04109489172697067, 0.9985857605934143, 2.877184879235273e-10, 0.0, 0.0, 0.0, 1.0], "fov": 48.84291973254298, "aspect": 1}, {"camera_to_world": [0.995023250579834, -0.003914973698556423, -0.09956629574298859, -0.45293888449668884, 0.00016922542999964207, 0.99929279088974, -0.037601299583911896, -0.17105282843112946, 0.09964308887720108, 0.037397317588329315, 0.9943202137947083, -2.72297406844757e-09, 0.0, 0.0, 0.0, 1.0], "fov": 48.84291973254298, "aspect": 1}, {"camera_to_world": [0.9970591068267822, 0.003418032079935074, -0.07656042277812958, -0.3476986289024353, 0.00013015330478083342, 0.9989279508590698, 0.04629204422235489, 0.21023498475551605, 0.07663657516241074, -0.046165868639945984, 0.9959897398948669, -4.481233162323406e-09, 0.0, 0.0, 0.0, 1.0], "fov": 48.84291973254298, "aspect": 1}, {"camera_to_world": [0.9969896674156189, 0.003580275224521756, 0.077451691031456, 0.3517417013645172, -0.00013167614815756679, 0.9990100264549255, -0.04448515921831131, -0.2020263969898224, -0.07753428816795349, 0.04434104636311531, 0.9960031509399414, 5.273335101918519e-09, 0.0, 0.0, 0.0, 1.0], "fov": 48.84291973254298, "aspect": 1}, {"camera_to_world": [0.997409462928772, -0.0008616260602138937, -0.07192769646644592, -0.3262113630771637, 0.00012216476898174733, 0.9999471306800842, -0.010284386575222015, -0.0466424934566021, 0.07193274796009064, 0.010248957201838493, 0.9973568320274353, -2.404464849448118e-09, 0.0, 0.0, 0.0, 1.0], "fov": 48.84291973254298, "aspect": 1}, {"camera_to_world": [0.9999070167541504, 0.0006337186205200851, 0.013621682301163673, 0.06168234348297119, -2.315790334250778e-05, 0.9989970326423645, -0.04477620869874954, -0.20275761187076569, -0.013636395335197449, 0.04477173089981079, 0.9989041686058044, 2.4775101969964908e-09, 0.0, 0.0, 0.0, 1.0], "fov": 48.84291973254298, "aspect": 1}, {"camera_to_world": [0.9987320303916931, -0.0031332222279161215, -0.05024443939328194, -0.22797639667987823, 8.54969912325032e-05, 0.9981654286384583, -0.06054571643471718, -0.27471694350242615, 0.05034196376800537, 0.06046465039253235, 0.9969000220298767, 2.0387165566848608e-10, 0.0, 0.0, 0.0, 1.0], "fov": 48.84291973254298, "aspect": 1}, {"camera_to_world": [0.9967116713523865, 0.002594650024548173, 0.08098805695772171, 0.3677093982696533, -0.0001376120635541156, 0.9995399713516235, -0.030329126864671707, -0.13770310580730438, -0.0810294896364212, 0.030218249186873436, 0.9962535500526428, 4.959465726983581e-09, 0.0, 0.0, 0.0, 1.0], "fov": 48.84291973254298, "aspect": 1}, {"camera_to_world": [0.9974020719528198, -0.002818780019879341, -0.07198021560907364, -0.32666367292404175, 0.0001223389117512852, 0.9992989301681519, -0.03743782266974449, -0.1699019819498062, 0.0720352828502655, 0.037331756204366684, 0.9967032074928284, -1.511890168615082e-09, 0.0, 0.0, 0.0, 1.0], "fov": 48.84291973254298, "aspect": 1}], "keyframes": [{"matrix": "[0.999390900135,0.000059266629,0.034896958619,0,-0.000782156072,0.999785363674,0.020701682195,0,-0.034888241440,-0.020716369152,0.999176502228,0,-0.157939344645,-0.093783237040,-0.000000000436,1.000000000000]", "fov": 48.84291973254298, "aspect": 1, "properties": "[[\"FOV\",48.84291973254298],[\"NAME\",\"Camera 0\"],[\"TIME\",0]]"}, {"matrix": "[0.999997079372,-0.000004118334,-0.002425483661,0,0.000006600742,0.999999463558,0.001023462275,0,0.002425478073,-0.001023475197,0.999996542931,0,0.010971208103,-0.004629522096,0.000000000546,1.000000000000]", "fov": 48.84291973254298, "aspect": 1, "properties": "[[\"FOV\",48.84291973254298],[\"NAME\",\"Camera 1\"],[\"TIME\",1]]"}, {"matrix": "[0.999244451523,-0.000066005618,-0.038866057992,0,0.000686669955,0.999872446060,0.015956182033,0,0.038860049099,-0.015970814973,0.999117016792,0,0.175930321217,-0.072304368019,0.000000002632,1.000000000000]", "fov": 48.84291973254298, "aspect": 1, "properties": "[[\"FOV\",48.84291973254298],[\"NAME\",\"Camera 2\"],[\"TIME\",2]]"}, {"matrix": "[0.995099246502,-0.000167929800,-0.098881229758,0,-0.004870020784,0.998701751232,-0.050705939531,0,0.098761372268,0.050938993692,0.993806540966,0,0.449509531260,0.231847301126,0.000000003060,1.000000000000]", "fov": 48.84291973254298, "aspect": 1, "properties": "[[\"FOV\",48.84291973254298],[\"NAME\",\"Camera 3\"],[\"TIME\",3]]"}, {"matrix": "[0.995104968548,-0.000167831618,-0.098823420703,0,0.005381450057,0.998606801033,0.052492719144,0,0.098676927388,-0.052767578512,0.993719518185,0,0.449164509773,-0.240191161633,0.000000006492,1.000000000000]", "fov": 48.84291973254298, "aspect": 1, "properties": "[[\"FOV\",48.84291973254298],[\"NAME\",\"Camera 4\"],[\"TIME\",4]]"}, {"matrix": "[0.998997330666,0.000076033066,0.044769398868,0,-0.000442918274,0.999966382980,0.008185137063,0,-0.044767271727,-0.008196759969,0.998963832855,0,-0.202704951167,-0.037114746869,-0.000000001281,1.000000000000]", "fov": 48.84291973254298, "aspect": 1, "properties": "[[\"FOV\",48.84291973254298],[\"NAME\",\"Camera 5\"],[\"TIME\",5]]"}, {"matrix": "[0.999489486217,-0.000054257998,-0.031948804855,0,0.001400627079,0.999111533165,0.042120583355,0,0.031918134540,-0.042143829167,0.998601615429,0,0.144576936960,-0.190895378590,0.000000003192,1.000000000000]", "fov": 48.84291973254298, "aspect": 1, "properties": "[[\"FOV\",48.84291973254298],[\"NAME\",\"Camera 6\"],[\"TIME\",6]]"}, {"matrix": "[0.999894976616,0.000024616877,0.014494431205,0,-0.000508942583,0.999441564083,0.033411867917,0,-0.014485514723,-0.033415734768,0.999336540699,0,-0.065565504134,-0.151249140501,0.000000000874,1.000000000000]", "fov": 48.84291973254298, "aspect": 1, "properties": "[[\"FOV\",48.84291973254298],[\"NAME\",\"Camera 7\"],[\"TIME\",7]]"}, {"matrix": "[0.995247542858,0.000165377467,0.097377330065,0,-0.004115613643,0.999176442623,0.040366820991,0,-0.097290456295,-0.040575746447,0.994428575039,0,-0.442537605762,-0.184563830495,-0.000000002524,1.000000000000]", "fov": 48.84291973254298, "aspect": 1, "properties": "[[\"FOV\",48.84291973254298],[\"NAME\",\"Camera 8\"],[\"TIME\",8]]"}, {"matrix": "[0.999976992607,-0.000011517889,-0.006782502402,0,0.000206946177,0.999584794044,0.028813600540,0,0.006779354066,-0.028814341873,0.999561786652,0,0.030678419396,-0.130392551422,0.000000001652,1.000000000000]", "fov": 48.84291973254298, "aspect": 1, "properties": "[[\"FOV\",48.84291973254298],[\"NAME\",\"Camera 9\"],[\"TIME\",9]]"}, {"matrix": "[0.999415516853,-0.000058054542,-0.034184291959,0,-0.000685836596,0.999763250351,-0.021749068052,0,0.034177463502,0.021759802476,0.999178886414,0,0.154721364379,0.098506554961,0.000000001184,1.000000000000]", "fov": 48.84291973254298, "aspect": 1, "properties": "[[\"FOV\",48.84291973254298],[\"NAME\",\"Camera 10\"],[\"TIME\",10]]"}, {"matrix": "[0.997501611710,-0.000119974255,-0.070643961430,0,-0.003544162260,0.998654305935,-0.051740024239,0,0.070555105805,0.051861129701,0.996158838272,0,0.320371240377,0.235486984253,0.000000001787,1.000000000000]", "fov": 48.84291973254298, "aspect": 1, "properties": "[[\"FOV\",48.84291973254298],[\"NAME\",\"Camera 11\"],[\"TIME\",11]]"}, {"matrix": "[0.998580992222,0.000090442416,0.053253941238,0,-0.002087173052,0.999296665192,0.037440095097,0,-0.053213100880,-0.037498120219,0.997878849506,0,-0.241209402680,-0.169975116849,-0.000000000686,1.000000000000]", "fov": 48.84291973254298, "aspect": 1, "properties": "[[\"FOV\",48.84291973254298],[\"NAME\",\"Camera 12\"],[\"TIME\",12]]"}, {"matrix": "[0.999771356583,-0.000036316087,-0.021384218708,0,0.000144490215,0.999987185001,0.005057072733,0,0.021383762360,-0.005059006158,0.999758541584,0,0.096748180687,-0.022888872772,0.000000001507,1.000000000000]", "fov": 48.84291973254298, "aspect": 1, "properties": "[[\"FOV\",48.84291973254298],[\"NAME\",\"Camera 13\"],[\"TIME\",13]]"}, {"matrix": "[0.997745394707,0.000113978429,0.067112453282,0,0.000383974693,0.999972522259,-0.007406736724,0,-0.067111454904,0.007415806875,0.997717916965,0,-0.304258257151,0.033620465547,-0.000000002777,1.000000000000]", "fov": 48.84291973254298, "aspect": 1, "properties": "[[\"FOV\",48.84291973254298],[\"NAME\",\"Camera 14\"],[\"TIME\",14]]"}, {"matrix": "[0.999130666256,0.000070800219,0.041688188910,0,0.002391906455,0.998253822327,-0.059021599591,0,-0.041619572788,0.059070006013,0.997385859489,0,-0.188750401139,0.267890512943,-0.000000003366,1.000000000000]", "fov": 48.84291973254298, "aspect": 1, "properties": "[[\"FOV\",48.84291973254298],[\"NAME\",\"Camera 15\"],[\"TIME\",15]]"}, {"matrix": "[0.996366024017,0.000144653430,0.085174560547,0,-0.005755776539,0.997827053070,0.065636038780,0,-0.084979988635,-0.065887771547,0.994201779366,0,-0.386630088091,-0.299767047167,-0.000000001146,1.000000000000]", "fov": 48.84291973254298, "aspect": 1, "properties": "[[\"FOV\",48.84291973254298],[\"NAME\",\"Camera 16\"],[\"TIME\",16]]"}, {"matrix": "[0.997318565845,-0.000124285027,-0.073182232678,0,-0.000053498028,0.999997079372,-0.002427354455,0,0.073182322085,0.002424760954,0.997315645218,0,0.331915259361,0.010997356847,0.000000003532,1.000000000000]", "fov": 48.84291973254298, "aspect": 1, "properties": "[[\"FOV\",48.84291973254298],[\"NAME\",\"Camera 17\"],[\"TIME\",17]]"}, {"matrix": "[0.998379170895,0.000096655087,0.056912094355,0,-0.000268205767,0.999995470047,0.003006679006,0,-0.056911543012,-0.003017070005,0.998374640942,0,-0.257845968008,-0.013669312000,-0.000000001984,1.000000000000]", "fov": 48.84291973254298, "aspect": 1, "properties": "[[\"FOV\",48.84291973254298],[\"NAME\",\"Camera 18\"],[\"TIME\",18]]"}, {"matrix": "[0.999920010567,-0.000021477201,-0.012646760792,0,-0.000116221745,0.999940752983,-0.010887243785,0,0.012646244839,0.010887843557,0.999860763550,0,0.057210538536,0.049255594611,0.000000000600,1.000000000000]", "fov": 48.84291973254298, "aspect": 1, "properties": "[[\"FOV\",48.84291973254298],[\"NAME\",\"Camera 19\"],[\"TIME\",19]]"}, {"matrix": "[0.996630668640,-0.000139294061,-0.082019880414,0,0.003570751287,0.999124169350,0.041691698134,0,0.081942237914,-0.041844096035,0.995758295059,0,0.372226715088,-0.190078929067,0.000000005384,1.000000000000]", "fov": 48.84291973254298, "aspect": 1, "properties": "[[\"FOV\",48.84291973254298],[\"NAME\",\"Camera 20\"],[\"TIME\",20]]"}, {"matrix": "[0.999636769295,0.000045770696,0.026950258762,0,-0.001277399017,0.998955070972,0.045684613287,0,-0.026920007542,-0.045702446252,0.998592317104,0,-0.121938370168,-0.207016468048,0.000000000735,1.000000000000]", "fov": 48.84291973254298, "aspect": 1, "properties": "[[\"FOV\",48.84291973254298],[\"NAME\",\"Camera 21\"],[\"TIME\",21]]"}, {"matrix": "[0.999787151814,0.000035037225,0.020630160347,0,0.001006111503,0.998725831509,-0.050454769284,0,-0.020605642349,0.050464786589,0.998513221741,0,-0.093343839049,0.228606268764,-0.000000002159,1.000000000000]", "fov": 48.84291973254298, "aspect": 1, "properties": "[[\"FOV\",48.84291973254298],[\"NAME\",\"Camera 22\"],[\"TIME\",22]]"}, {"matrix": "[0.999837934971,-0.000030576088,-0.018004382029,0,-0.001008820022,0.998332381248,-0.057718258351,0,0.017976123840,0.057727064937,0.998170554638,0,0.081460140646,0.261594295502,-0.000000000711,1.000000000000]", "fov": 48.84291973254298, "aspect": 1, "properties": "[[\"FOV\",48.84291973254298],[\"NAME\",\"Camera 23\"],[\"TIME\",23]]"}, {"matrix": "[0.995601117611,0.000159120202,0.093692913651,0,0.004572766367,0.998724341393,-0.050287351012,0,-0.093581393361,0.050494581461,0.994330346584,0,-0.425708532333,0.229703485966,-0.000000005376,1.000000000000]", "fov": 48.84291973254298, "aspect": 1, "properties": "[[\"FOV\",48.84291973254298],[\"NAME\",\"Camera 24\"],[\"TIME\",24]]"}, {"matrix": "[0.998697698116,0.000086645778,0.051018394530,0,-0.002212255495,0.999131560326,0.041608601809,0,-0.050970483571,-0.041667278856,0.997830569744,0,-0.231055036187,-0.188882634044,-0.000000000450,1.000000000000]", "fov": 48.84291973254298, "aspect": 1, "properties": "[[\"FOV\",48.84291973254298],[\"NAME\",\"Camera 25\"],[\"TIME\",25]]"}, {"matrix": "[0.998904585838,0.000079471196,0.046793844551,0,-0.000834099890,0.999869942665,0.016107361764,0,-0.046786475927,-0.016128746793,0.998774707317,0,-0.211887970567,-0.073044404387,-0.000000001108,1.000000000000]", "fov": 48.84291973254298, "aspect": 1, "properties": "[[\"FOV\",48.84291973254298],[\"NAME\",\"Camera 26\"],[\"TIME\",26]]"}, {"matrix": "[0.999435722828,-0.000057044432,-0.033589519560,0,0.001083436189,0.999532997608,0.030539497733,0,0.033572088927,-0.030558656901,0.998969018459,0,0.152012780309,-0.138368099928,0.000000002881,1.000000000000]", "fov": 48.84291973254298, "aspect": 1, "properties": "[[\"FOV\",48.84291973254298],[\"NAME\",\"Camera 27\"],[\"TIME\",27]]"}, {"matrix": "[0.998020291328,0.000106812367,0.062892921269,0,0.002223275835,0.999313652515,-0.036977346987,0,-0.062853701413,0.037043970078,0.997335016727,0,-0.285064607859,0.168007999659,-0.000000003569,1.000000000000]", "fov": 48.84291973254298, "aspect": 1, "properties": "[[\"FOV\",48.84291973254298],[\"NAME\",\"Camera 28\"],[\"TIME\",28]]"}, {"matrix": "[0.998558044434,-0.000091168513,-0.053682517260,0,0.000198273643,0.999997973442,0.001989835873,0,0.053682230413,-0.001997610554,0.998556077480,0,0.243170991540,-0.009048859589,0.000000002821,1.000000000000]", "fov": 48.84291973254298, "aspect": 1, "properties": "[[\"FOV\",48.84291973254298],[\"NAME\",\"Camera 29\"],[\"TIME\",29]]"}, {"matrix": "[0.998489439487,-0.000093310533,-0.054943785071,0,0.000533928920,0.999967813492,0.008004815318,0,0.054941270500,-0.008022059686,0.998457372189,0,0.248898833990,-0.036342136562,0.000000003075,1.000000000000]", "fov": 48.84291973254298, "aspect": 1, "properties": "[[\"FOV\",48.84291973254298],[\"NAME\",\"Camera 30\"],[\"TIME\",30]]"}, {"matrix": "[0.999854803085,-0.000028939614,-0.017040790990,0,-0.000222264658,0.999891340733,-0.014739271253,0,0.017039366066,0.014740918763,0.999746143818,0,0.077093467116,0.066694214940,0.000000000666,1.000000000000]", "fov": 48.84291973254298, "aspect": 1, "properties": "[[\"FOV\",48.84291973254298],[\"NAME\",\"Camera 31\"],[\"TIME\",31]]"}, {"matrix": "[0.996760547161,0.000136589428,0.080426298082,0,0.000159253090,0.999993264675,-0.003672003979,0,-0.080426260829,0.003672916908,0.996753811836,0,-0.364975333214,0.016667703167,-0.000000003240,1.000000000000]", "fov": 48.84291973254298, "aspect": 1, "properties": "[[\"FOV\",48.84291973254298],[\"NAME\",\"Camera 32\"],[\"TIME\",32]]"}, {"matrix": "[0.998939633369,-0.000078187455,-0.046038988978,0,0.002392096212,0.998735964298,0.050206817687,0,0.045976869762,-0.050263710320,0.997677147388,0,0.208450555801,-0.227886289358,0.000000004078,1.000000000000]", "fov": 48.84291973254298, "aspect": 1, "properties": "[[\"FOV\",48.84291973254298],[\"NAME\",\"Camera 33\"],[\"TIME\",33]]"}, {"matrix": "[0.999945223331,-0.000017770526,-0.010464190505,0,0.000160316195,0.999907195568,0.013621553779,0,0.010462977923,-0.013622485101,0.999852478504,0,0.047334022820,-0.061627462506,0.000000001312,1.000000000000]", "fov": 48.84291973254298, "aspect": 1, "properties": "[[\"FOV\",48.84291973254298],[\"NAME\",\"Camera 34\"],[\"TIME\",34]]"}, {"matrix": "[0.995911180973,-0.000153420042,-0.090337567031,0,0.004769543651,0.998693108559,0.050884947181,0,0.090211704373,-0.051107756793,0.994610369205,0,0.410264104605,-0.232427492738,0.000000006060,1.000000000000]", "fov": 48.84291973254298, "aspect": 1, "properties": "[[\"FOV\",48.84291973254298],[\"NAME\",\"Camera 35\"],[\"TIME\",35]]"}, {"matrix": "[0.999002873898,0.000075823365,0.044645924121,0,0.001853594906,0.999065876007,-0.043173015118,0,-0.044607494026,0.043212722987,0.998069524765,0,-0.202162459493,0.195841312408,-0.000000002971,1.000000000000]", "fov": 48.84291973254298, "aspect": 1, "properties": "[[\"FOV\",48.84291973254298],[\"NAME\",\"Camera 36\"],[\"TIME\",36]]"}, {"matrix": "[0.995324552059,0.000164035155,0.096586942673,0,0.000816527638,0.999948561192,-0.010112512857,0,-0.096583627164,0.010144098662,0.995273172855,0,-0.438949704170,0.046102490276,-0.000000004168,1.000000000000]", "fov": 48.84291973254298, "aspect": 1, "properties": "[[\"FOV\",48.84291973254298],[\"NAME\",\"Camera 37\"],[\"TIME\",37]]"}, {"matrix": "[0.999097347260,-0.000072141083,-0.042478755116,0,0.001166200149,0.999668240547,0.025731222704,0,0.042462803423,-0.025757536292,0.998765945435,0,0.192308574915,-0.116652570665,0.000000003112,1.000000000000]", "fov": 48.84291973254298, "aspect": 1, "properties": "[[\"FOV\",48.84291973254298],[\"NAME\",\"Camera 38\"],[\"TIME\",38]]"}, {"matrix": "[0.999900639057,-0.000023938186,-0.014095842838,0,0.000336044322,0.999754846096,0.022139763460,0,0.014091856778,-0.022142300382,0.999655485153,0,0.063763447106,-0.100190401077,0.000000001751,1.000000000000]", "fov": 48.84291973254298, "aspect": 1, "properties": "[[\"FOV\",48.84291973254298],[\"NAME\",\"Camera 39\"],[\"TIME\",39]]"}, {"matrix": "[0.996163606644,0.000148620529,0.087510474026,0,0.001248617307,0.999872624874,-0.015911566094,0,-0.087501689792,0.015959789976,0.996036529541,0,-0.397369682789,0.072477839887,-0.000000003958,1.000000000000]", "fov": 48.84291973254298, "aspect": 1, "properties": "[[\"FOV\",48.84291973254298],[\"NAME\",\"Camera 40\"],[\"TIME\",40]]"}, {"matrix": "[0.999431014061,0.000057282818,0.033728845417,0,-0.001444139401,0.999154210091,0.041094891727,0,-0.033697962761,-0.041120219976,0.998585760593,0,-0.152641192079,-0.186261773109,0.000000000288,1.000000000000]", "fov": 48.84291973254298, "aspect": 1, "properties": "[[\"FOV\",48.84291973254298],[\"NAME\",\"Camera 41\"],[\"TIME\",41]]"}, {"matrix": "[0.995023250580,0.000169225430,0.099643088877,0,-0.003914973699,0.999292790890,0.037397317588,0,-0.099566295743,-0.037601299584,0.994320213795,0,-0.452938884497,-0.171052828431,-0.000000002723,1.000000000000]", "fov": 48.84291973254298, "aspect": 1, "properties": "[[\"FOV\",48.84291973254298],[\"NAME\",\"Camera 42\"],[\"TIME\",42]]"}, {"matrix": "[0.997059106827,0.000130153305,0.076636575162,0,0.003418032080,0.998927950859,-0.046165868640,0,-0.076560422778,0.046292044222,0.995989739895,0,-0.347698628902,0.210234984756,-0.000000004481,1.000000000000]", "fov": 48.84291973254298, "aspect": 1, "properties": "[[\"FOV\",48.84291973254298],[\"NAME\",\"Camera 43\"],[\"TIME\",43]]"}, {"matrix": "[0.996989667416,-0.000131676148,-0.077534288168,0,0.003580275225,0.999010026455,0.044341046363,0,0.077451691031,-0.044485159218,0.996003150940,0,0.351741701365,-0.202026396990,0.000000005273,1.000000000000]", "fov": 48.84291973254298, "aspect": 1, "properties": "[[\"FOV\",48.84291973254298],[\"NAME\",\"Camera 44\"],[\"TIME\",44]]"}, {"matrix": "[0.997409462929,0.000122164769,0.071932747960,0,-0.000861626060,0.999947130680,0.010248957202,0,-0.071927696466,-0.010284386575,0.997356832027,0,-0.326211363077,-0.046642493457,-0.000000002404,1.000000000000]", "fov": 48.84291973254298, "aspect": 1, "properties": "[[\"FOV\",48.84291973254298],[\"NAME\",\"Camera 45\"],[\"TIME\",45]]"}, {"matrix": "[0.999907016754,-0.000023157903,-0.013636395335,0,0.000633718621,0.998997032642,0.044771730900,0,0.013621682301,-0.044776208699,0.998904168606,0,0.061682343483,-0.202757611871,0.000000002478,1.000000000000]", "fov": 48.84291973254298, "aspect": 1, "properties": "[[\"FOV\",48.84291973254298],[\"NAME\",\"Camera 46\"],[\"TIME\",46]]"}, {"matrix": "[0.998732030392,0.000085496991,0.050341963768,0,-0.003133222228,0.998165428638,0.060464650393,0,-0.050244439393,-0.060545716435,0.996900022030,0,-0.227976396680,-0.274716943502,0.000000000204,1.000000000000]", "fov": 48.84291973254298, "aspect": 1, "properties": "[[\"FOV\",48.84291973254298],[\"NAME\",\"Camera 47\"],[\"TIME\",47]]"}, {"matrix": "[0.996711671352,-0.000137612064,-0.081029489636,0,0.002594650025,0.999539971352,0.030218249187,0,0.080988056958,-0.030329126865,0.996253550053,0,0.367709398270,-0.137703105807,0.000000004959,1.000000000000]", "fov": 48.84291973254298, "aspect": 1, "properties": "[[\"FOV\",48.84291973254298],[\"NAME\",\"Camera 48\"],[\"TIME\",48]]"}, {"matrix": "[0.997402071953,0.000122338912,0.072035282850,0,-0.002818780020,0.999298930168,0.037331756204,0,-0.071980215609,-0.037437822670,0.996703207493,0,-0.326663672924,-0.169901981950,-0.000000001512,1.000000000000]", "fov": 48.84291973254298, "aspect": 1, "properties": "[[\"FOV\",48.84291973254298],[\"NAME\",\"Camera 49\"],[\"TIME\",49]]"}], "fps": 24, "is_cycle": false, "crop": null, "smoothness_value": 0.5}