{
    "seconds": 4,
    "camera_type": "perspective",
    "render_height":256,
    "render_width": 256,
    "camera_path": [
        {
            "camera_to_world": [
                -0.2609802904102301,
                -0.43915484187057957,
                0.8596698859905576,
                3.4654402078432303,
                0.9653441293224878,
                -0.11872528633584828,
                0.2324113129068352,
                0.9368799833868177,
                0.0,
                0.8905320495333657,
                0.4549205081702769,
                1.8338432531799402,
                0.0,
                0.0,
                0.0,
                1.0
            ],
            "fov": 39.597755335771296,
            "aspect": 1
        },
        {
            "camera_to_world": [
                0.9414095938662812,
                -0.2384260073774478,
                0.23853933759984464,
                0.9615828414395241,
                0.33726543934492226,
                0.6655189194846906,
                -0.6658352583270178,
                -2.6840678190645333,
                -0.0,
                0.7072747746201467,
                0.7069387478318194,
                2.8497612876085343,
                0.0,
                0.0,
                0.0,
                1.0
            ],
            "fov": 39.597755335771296,
            "aspect": 1
        },
        {
            "camera_to_world": [
                0.7049407007393346,
                -0.5744088580955827,
                0.416068590718483,
                1.6772261620344078,
                0.7092662465119398,
                0.570905756375881,
                -0.41353114622208004,
                -1.6669973959390674,
                -0.0,
                0.5866183436257445,
                0.8098635187003969,
                3.264664316275212,
                0.0,
                0.0,
                0.0,
                1.0
            ],
            "fov": 39.597755335771296,
            "aspect": 1
        },
        {
            "camera_to_world": [
                -0.22243462398523856,
                -0.5071507953160818,
                0.8326589390998042,
                3.3565555965144545,
                0.9749476078500555,
                -0.11570662418333447,
                0.18997141644876753,
                0.7657992860177038,
                0.0,
                0.8540550614160437,
                0.5201826141554884,
                2.096923221218,
                0.0,
                0.0,
                0.0,
                1.0
            ],
            "fov": 39.597755335771296,
            "aspect": 1
        },
        {
            "camera_to_world": [
                -0.7731935002769498,
                -0.23502136737426646,
                0.5890133852528382,
                2.3743889386808887,
                0.6341701752128354,
                -0.28654295137578417,
                0.7181374004237466,
                2.894904500832778,
                0.0,
                0.928793892041924,
                0.3705966892804291,
                1.4939230614623271,
                0.0,
                0.0,
                0.0,
                1.0
            ],
            "fov": 39.597755335771296,
            "aspect": 1
        },
        {
            "camera_to_world": [
                0.9081556125865061,
                0.2117746241876295,
                -0.36111617504317917,
                -1.4557058855856357,
                -0.4186327547237885,
                0.459410572606265,
                -0.7833827560330621,
                -3.1579169459448013,
                0.0,
                0.8626085058285549,
                0.5058720842982226,
                2.03923562930501,
                0.0,
                0.0,
                0.0,
                1.0
            ],
            "fov": 39.597755335771296,
            "aspect": 1
        },
        {
            "camera_to_world": [
                0.8350389878817085,
                -0.19949629839477448,
                0.5127485891197313,
                2.066955707309633,
                0.5501907748385936,
                0.3027807711726729,
                -0.7782119993231855,
                -3.1370729586196733,
                -0.0,
                0.9319469038174142,
                0.36259477170132415,
                1.4616662994535872,
                0.0,
                0.0,
                0.0,
                1.0
            ],
            "fov": 39.597755335771296,
            "aspect": 1
        },
        {
            "camera_to_world": [
                -0.7647947297673383,
                -0.47696488989383706,
                0.4331206704010603,
                1.7459652949531557,
                0.6442740265757296,
                -0.5661880178743915,
                0.5141421078800722,
                2.0725731611964875,
                0.0,
                0.67226157277062,
                0.7403137022749021,
                2.984300034337724,
                0.0,
                0.0,
                0.0,
                1.0
            ],
            "fov": 39.597755335771296,
            "aspect": 1
        },
        {
            "camera_to_world": [
                -0.9090557545823138,
                -0.1470913764957769,
                0.3898483833766118,
                1.5715291238325781,
                0.4166744953327239,
                -0.3209081999274898,
                0.8505294187495915,
                3.4285938052746228,
                0.0,
                0.9356185409555947,
                0.3530126709059097,
                1.4230396150562692,
                0.0,
                0.0,
                0.0,
                1.0
            ],
            "fov": 39.597755335771296,
            "aspect": 1
        },
        {
            "camera_to_world": [
                0.49035955625004607,
                -0.3136135092114905,
                0.8131384091495816,
                3.2778658221367434,
                0.8715202267269865,
                0.17645417340284014,
                -0.4575111136294533,
                -1.8442863179739843,
                -0.0,
                0.9330115173612675,
                0.35984650682092945,
                1.4505876891945464,
                0.0,
                0.0,
                0.0,
                1.0
            ],
            "fov": 39.597755335771296,
            "aspect": 1
        },
        {
            "camera_to_world": [
                -0.3376436347069719,
                0.3720604471244165,
                -0.8646200319374079,
                -3.485394884723811,
                -0.9412740174581815,
                -0.13346149938040786,
                0.3101471461117585,
                1.2502431549583468,
                0.0,
                0.9185635807437136,
                0.39527325754632997,
                1.5933974914194795,
                0.0,
                0.0,
                0.0,
                1.0
            ],
            "fov": 39.597755335771296,
            "aspect": 1
        },
        {
            "camera_to_world": [
                0.9852170155657679,
                -0.04590795933968595,
                0.16504511961565915,
                0.6653181679911526,
                0.17131092270979545,
                0.26401879095578434,
                -0.9491820930583151,
                -3.826275461608074,
                -0.0,
                0.9634243806814895,
                0.26798034015294553,
                1.0802633206204033,
                0.0,
                0.0,
                0.0,
                1.0
            ],
            "fov": 39.597755335771296,
            "aspect": 1
        },
        {
            "camera_to_world": [
                0.3726753434660794,
                0.14375289722519338,
                -0.9167596156636715,
                -3.6955762727306802,
                -0.9279617925175797,
                0.05773207558718323,
                -0.3681764781676798,
                -1.484166878259601,
                0.0,
                0.9879281917162597,
                0.15491251728714905,
                0.6244723408992279,
                0.0,
                0.0,
                0.0,
                1.0
            ],
            "fov": 39.597755335771296,
            "aspect": 1
        },
        {
            "camera_to_world": [
                0.517203836694456,
                -0.8239756662818789,
                0.2314396091507852,
                0.9329629201963956,
                0.8558622501948164,
                0.4979345401048506,
                -0.13986065373090623,
                -0.5637963372136143,
                -0.0,
                0.2704168913842193,
                0.9627433224147002,
                3.8809425265422477,
                0.0,
                0.0,
                0.0,
                1.0
            ],
            "fov": 39.597755335771296,
            "aspect": 1
        },
        {
            "camera_to_world": [
                0.9117282794918299,
                0.345482042709793,
                -0.22224694045123897,
                -0.8959060868142624,
                -0.4107937978778012,
                0.7667733788152791,
                -0.4932616356106897,
                -1.988401283897684,
                0.0,
                0.5410182471093461,
                0.841010853850728,
                3.3902232422724317,
                0.0,
                0.0,
                0.0,
                1.0
            ],
            "fov": 39.597755335771296,
            "aspect": 1
        },
        {
            "camera_to_world": [
                -0.10288790944676264,
                0.9827181979896924,
                -0.15387989286962298,
                -0.6203096986636304,
                -0.9946929566904928,
                -0.10164927808764047,
                0.015916851905661663,
                0.064162883305618,
                0.0,
                0.15470089723124886,
                0.9879613516711302,
                3.9825996556006915,
                0.0,
                0.0,
                0.0,
                1.0
            ],
            "fov": 39.597755335771296,
            "aspect": 1
        },
        {
            "camera_to_world": [
                -0.4246166211002576,
                -0.27167279198217814,
                0.863651908573129,
                3.481492254554489,
                0.9053732518057954,
                -0.1274135090099723,
                0.4050494693693172,
                1.632806662409266,
                0.0,
                0.9539180739551871,
                0.30006717278240574,
                1.2096094821511665,
                0.0,
                0.0,
                0.0,
                1.0
            ],
            "fov": 39.597755335771296,
            "aspect": 1
        },
        {
            "camera_to_world": [
                0.9439931182380723,
                -0.3213698873755538,
                0.07482237771806441,
                0.3016186566682433,
                0.3299651386421917,
                0.9194030719119002,
                -0.21405840006830043,
                -0.8628970242089279,
                -0.0,
                0.2267584328028073,
                0.9739510322150774,
                3.9261222505421327,
                0.0,
                0.0,
                0.0,
                1.0
            ],
            "fov": 39.597755335771296,
            "aspect": 1
        },
        {
            "camera_to_world": [
                0.9736199923830379,
                0.01444572081767866,
                -0.22771787716846245,
                -0.9179601384722269,
                -0.2281756131405223,
                0.061639552092773636,
                -0.9716668437204949,
                -3.9169143920601552,
                0.0,
                0.9979939312279709,
                0.06330966144389076,
                0.2552094122266499,
                0.0,
                0.0,
                0.0,
                1.0
            ],
            "fov": 39.597755335771296,
            "aspect": 1
        },
        {
            "camera_to_world": [
                0.7842491725500125,
                -0.11523512557753636,
                0.6096508026630901,
                2.4575810304884604,
                0.6204459971299845,
                0.14565820764566292,
                -0.7706039522289202,
                -3.1064039393446157,
                -0.0,
                0.9826009120586966,
                0.1857295012145825,
                0.7486995785016389,
                0.0,
                0.0,
                0.0,
                1.0
            ],
            "fov": 39.597755335771296,
            "aspect": 1
        },
        {
            "camera_to_world": [
                -0.9607089834092023,
                0.23588278947541175,
                -0.14627904438488598,
                -0.589669697912201,
                -0.2775576502221779,
                -0.8164599847968534,
                0.5063149652426493,
                2.0410209395236354,
                0.0,
                0.5270222033793459,
                0.8498515147631258,
                3.425861086855565,
                0.0,
                0.0,
                0.0,
                1.0
            ],
            "fov": 39.597755335771296,
            "aspect": 1
        },
        {
            "camera_to_world": [
                -0.20642751892229352,
                0.6715247423376287,
                -0.7116475250149946,
                -2.8687429758661707,
                -0.9784618947264048,
                -0.14167254463644705,
                0.15013730603899808,
                0.6052228483556804,
                0.0,
                0.7273124572868357,
                0.6863064836320466,
                2.766589969057169,
                0.0,
                0.0,
                0.0,
                1.0
            ],
            "fov": 39.597755335771296,
            "aspect": 1
        },
        {
            "camera_to_world": [
                -0.14747797357650377,
                0.13253447277794095,
                -0.9801453263854505,
                -3.9510922494068548,
                -0.9890653402631031,
                -0.01976200628880756,
                0.14614792437004734,
                0.5891411362179045,
                0.0,
                0.9909813704772227,
                0.1339997140559846,
                0.5401701333227872,
                0.0,
                0.0,
                0.0,
                1.0
            ],
            "fov": 39.597755335771296,
            "aspect": 1
        },
        {
            "camera_to_world": [
                -0.2166397545533348,
                0.8222933750358168,
                -0.5262136658423805,
                -2.1212351685735293,
                -0.976251615490121,
                -0.1824749194900516,
                0.11677194444740711,
                0.47072277164833176,
                0.0,
                0.5390143867554046,
                0.8422965575560042,
                3.3954060797641774,
                0.0,
                0.0,
                0.0,
                1.0
            ],
            "fov": 39.597755335771296,
            "aspect": 1
        },
        {
            "camera_to_world": [
                0.972071294826418,
                -0.06705075450661578,
                0.22490352174784797,
                0.9066151087198808,
                0.23468574258887395,
                0.2777250677154014,
                -0.9315532131810744,
                -3.755211172697412,
                -0.0,
                0.958317788148884,
                0.2857044222923942,
                1.151711382131117,
                0.0,
                0.0,
                0.0,
                1.0
            ],
            "fov": 39.597755335771296,
            "aspect": 1
        },
        {
            "camera_to_world": [
                -0.6148875653888877,
                0.554701987814287,
                -0.5605523942014742,
                -2.2596590122849944,
                -0.788614786781307,
                -0.4325043868320073,
                0.43706598293729404,
                1.761869358732031,
                0.0,
                0.7108063449955606,
                0.7033877592864778,
                2.83544679470474,
                0.0,
                0.0,
                0.0,
                1.0
            ],
            "fov": 39.597755335771296,
            "aspect": 1
        },
        {
            "camera_to_world": [
                0.9970138524626216,
                0.06793477227703656,
                -0.03671845194597598,
                -0.1480168164745302,
                -0.07722291109276937,
                0.8770960336205338,
                -0.47406663013703654,
                -1.911023740677682,
                0.0,
                0.4754865029869878,
                0.8797230163393506,
                3.54627696313303,
                0.0,
                0.0,
                0.0,
                1.0
            ],
            "fov": 39.597755335771296,
            "aspect": 1
        },
        {
            "camera_to_world": [
                0.7170091641058879,
                -0.16875694413372838,
                0.6763275481560852,
                2.7263635928708916,
                0.6970637406924679,
                0.17358566855046298,
                -0.6956796368197885,
                -2.804374358693717,
                -0.0,
                0.9702520855326902,
                0.24209686185381565,
                0.97592368062791,
                0.0,
                0.0,
                0.0,
                1.0
            ],
            "fov": 39.597755335771296,
            "aspect": 1
        },
        {
            "camera_to_world": [
                0.8183714354500229,
                0.5097716990567042,
                -0.2653318836482152,
                -1.069587050798946,
                -0.5746896498454352,
                0.7259267627684521,
                -0.37783877706906477,
                -1.5231168515676419,
                0.0,
                0.46169594966531424,
                0.8870382461104164,
                3.5757655980048364,
                0.0,
                0.0,
                0.0,
                1.0
            ],
            "fov": 39.597755335771296,
            "aspect": 1
        },
        {
            "camera_to_world": [
                0.29014023656784743,
                0.12465794158604908,
                -0.9488303540274641,
                -3.824857556200377,
                -0.9569841394319728,
                0.03779402726915121,
                -0.28766815669869533,
                -1.159627448844655,
                0.0,
                0.991479706853503,
                0.1302612409648095,
                0.5250998660292316,
                0.0,
                0.0,
                0.0,
                1.0
            ],
            "fov": 39.597755335771296,
            "aspect": 1
        },
        {
            "camera_to_world": [
                -0.9986331147184508,
                -0.01760509284693896,
                0.04921344220409845,
                0.19838573405876517,
                0.05226760170244546,
                -0.33636570517877046,
                0.9402798573785696,
                3.7903894011946155,
                0.0,
                0.9415668712765118,
                0.33682610782800204,
                1.357789491222586,
                0.0,
                0.0,
                0.0,
                1.0
            ],
            "fov": 39.597755335771296,
            "aspect": 1
        },
        {
            "camera_to_world": [
                -0.8851494466917287,
                0.3231287560448354,
                -0.33481078841376044,
                -1.3496654786875737,
                -0.46530684179509607,
                -0.6146852225938771,
                0.6369078584091966,
                2.5674577383612065,
                0.0,
                0.7195483890202473,
                0.6944423056369528,
                2.799386517079984,
                0.0,
                0.0,
                0.0,
                1.0
            ],
            "fov": 39.597755335771296,
            "aspect": 1
        },
        {
            "camera_to_world": [
                0.9817647293394178,
                0.15661488671215823,
                -0.10774875166440355,
                -0.4343491175481754,
                -0.19010001637322246,
                0.8088319759089938,
                -0.5564645707698321,
                -2.2431804687028225,
                0.0,
                0.566800328164417,
                0.8238551984376316,
                3.321066582222691,
                0.0,
                0.0,
                0.0,
                1.0
            ],
            "fov": 39.597755335771296,
            "aspect": 1
        },
        {
            "camera_to_world": [
                -0.17542817312170522,
                0.943937997085001,
                -0.27965338141051993,
                -1.1273188557520077,
                -0.9844922326129247,
                -0.16820175201310092,
                0.04983186274405441,
                0.2008786670315773,
                0.0,
                0.28405849446703757,
                0.9588069522699134,
                3.865074510696864,
                0.0,
                0.0,
                0.0,
                1.0
            ],
            "fov": 39.597755335771296,
            "aspect": 1
        },
        {
            "camera_to_world": [
                -0.3636123176644207,
                -0.8854395762952693,
                0.2894526544579655,
                1.166820989512484,
                0.9315503649522705,
                -0.34561388047442987,
                0.11298213655573214,
                0.4554455671517719,
                0.0,
                0.310721422424429,
                0.9505010245373434,
                3.831592244542197,
                0.0,
                0.0,
                0.0,
                1.0
            ],
            "fov": 39.597755335771296,
            "aspect": 1
        },
        {
            "camera_to_world": [
                -0.8874793318242835,
                0.30025248465786014,
                -0.3496124726629538,
                -1.4093329773133403,
                -0.46084751880065833,
                -0.5782126703344594,
                0.6732679052798898,
                2.7140297777430167,
                0.0,
                0.7586293912850169,
                0.6515224068890684,
                2.6263708685603233,
                0.0,
                0.0,
                0.0,
                1.0
            ],
            "fov": 39.597755335771296,
            "aspect": 1
        },
        {
            "camera_to_world": [
                -0.630505849137112,
                -0.6584510461770872,
                0.41098004086839657,
                1.6567135611657786,
                0.7761844975287058,
                -0.5348692705238554,
                0.33384500781858256,
                1.345772292522715,
                0.0,
                0.5294875666506046,
                0.848317698013204,
                3.419678073674269,
                0.0,
                0.0,
                0.0,
                1.0
            ],
            "fov": 39.597755335771296,
            "aspect": 1
        },
        {
            "camera_to_world": [
                0.717341198971091,
                -0.6683386026193487,
                0.19683779237619473,
                0.7934785331436575,
                0.6967220423229896,
                0.6881177649025382,
                -0.20266311299004966,
                -0.8169611520044658,
                -0.0,
                0.2825198291701869,
                0.9592614586887396,
                3.8669066847024802,
                0.0,
                0.0,
                0.0,
                1.0
            ],
            "fov": 39.597755335771296,
            "aspect": 1
        },
        {
            "camera_to_world": [
                -0.9946543795147963,
                -0.011824795922717866,
                0.10258089253570427,
                0.413516810746561,
                0.1032601826070225,
                -0.1139024235136318,
                0.9881111134916385,
                3.983203364818435,
                0.0,
                0.9934215681769283,
                0.1145145749714536,
                0.4616230240901008,
                0.0,
                0.0,
                0.0,
                1.0
            ],
            "fov": 39.597755335771296,
            "aspect": 1
        },
        {
            "camera_to_world": [
                -0.4188549512824555,
                -0.08983258478281474,
                0.9035987143070812,
                3.64252298160599,
                0.9080531536128112,
                -0.04143680661542725,
                0.41680026544058707,
                1.6801756372252483,
                0.0,
                0.9950945170026585,
                0.09892877352543046,
                0.39879464789279495,
                0.0,
                0.0,
                0.0,
                1.0
            ],
            "fov": 39.597755335771296,
            "aspect": 1
        },
        {
            "camera_to_world": [
                0.8060829943260068,
                0.555209671863669,
                -0.20487173188962854,
                -0.8258643797005064,
                -0.5918025061271867,
                0.756240587258416,
                -0.2790519090144829,
                -1.1248942429336435,
                0.0,
                0.34618260275768203,
                0.9381671522430941,
                3.7818728142545517,
                0.0,
                0.0,
                0.0,
                1.0
            ],
            "fov": 39.597755335771296,
            "aspect": 1
        },
        {
            "camera_to_world": [
                0.6295278657160778,
                0.48365760950058834,
                -0.608087150874886,
                -2.451277748419128,
                -0.7769779059194412,
                0.3918720729721938,
                -0.4926881489720609,
                -1.986089485277595,
                0.0,
                0.7826311999892747,
                0.6224856663436902,
                2.5093200216823734,
                0.0,
                0.0,
                0.0,
                1.0
            ],
            "fov": 39.597755335771296,
            "aspect": 1
        },
        {
            "camera_to_world": [
                -0.9262403236095705,
                -0.31226474758242845,
                0.21111511157877905,
                0.851032248623452,
                0.37693349933328835,
                -0.7673295193029989,
                0.518774079813738,
                2.0912452375854738,
                0.0,
                0.5600858293364607,
                0.8284345862990566,
                3.33952668543313,
                0.0,
                0.0,
                0.0,
                1.0
            ],
            "fov": 39.597755335771296,
            "aspect": 1
        },
        {
            "camera_to_world": [
                -0.8666841726216419,
                -0.012071242071011554,
                0.49871116895654444,
                2.010369055804626,
                0.4988572390244928,
                -0.020971840495465965,
                0.8664303993853706,
                3.4926927094439497,
                0.0,
                0.9997071906418878,
                0.024197788719307087,
                0.09754440784227165,
                0.0,
                0.0,
                0.0,
                1.0
            ],
            "fov": 39.597755335771296,
            "aspect": 1
        },
        {
            "camera_to_world": [
                -0.2449527285882445,
                0.8148709675931425,
                -0.525341286147386,
                -2.117718493486026,
                -0.9695350229657379,
                -0.20587690205218814,
                0.13272731611925218,
                0.535040933100485,
                0.0,
                0.5418486941713614,
                0.8404760511905086,
                3.3880673837595436,
                0.0,
                0.0,
                0.0,
                1.0
            ],
            "fov": 39.597755335771296,
            "aspect": 1
        },
        {
            "camera_to_world": [
                -0.4407762067310822,
                0.3016851457649947,
                -0.8454007383510568,
                -3.4079194329883573,
                -0.897617031689884,
                -0.14814294903369155,
                0.4151353165798385,
                1.6734640135891676,
                0.0,
                0.9418278714692802,
                0.3360956121755311,
                1.3548447690135363,
                0.0,
                0.0,
                0.0,
                1.0
            ],
            "fov": 39.597755335771296,
            "aspect": 1
        },
        {
            "camera_to_world": [
                -0.7049591061823385,
                0.4377420139620619,
                -0.5580453277494907,
                -2.2495527040054766,
                -0.7092479528420216,
                -0.4350949730127561,
                0.5546708085418148,
                2.2359495817663575,
                0.0,
                0.7868127437144541,
                0.6171917905550373,
                2.4879797254683367,
                0.0,
                0.0,
                0.0,
                1.0
            ],
            "fov": 39.597755335771296,
            "aspect": 1
        },
        {
            "camera_to_world": [
                0.29876722277182205,
                -0.8790623839682588,
                0.37146664949797864,
                1.4974299833241371,
                0.954326016934052,
                0.27520472295739895,
                -0.11629365358749752,
                -0.4687947194925153,
                -0.0,
                0.3892450199475685,
                0.9211342543006513,
                3.7132110054047303,
                0.0,
                0.0,
                0.0,
                1.0
            ],
            "fov": 39.597755335771296,
            "aspect": 1
        },
        {
            "camera_to_world": [
                -0.9582306948352416,
                -0.17405369554274533,
                0.22693445428908182,
                0.9148020597838921,
                0.2859963906687811,
                -0.583166777834348,
                0.7603437207965449,
                3.065043622870855,
                0.0,
                0.793487126737553,
                0.6085870354368244,
                2.4532928475734104,
                0.0,
                0.0,
                0.0,
                1.0
            ],
            "fov": 39.597755335771296,
            "aspect": 1
        },
        {
            "camera_to_world": [
                0.38178544515508595,
                -0.13316022800233593,
                0.9146082371956304,
                3.6869037885981846,
                0.9242509799116974,
                0.05500522913124925,
                -0.3778022642871346,
                -1.5229696638335326,
                -0.0,
                0.9895669651148349,
                0.1440736671061555,
                0.5807795376079695,
                0.0,
                0.0,
                0.0,
                1.0
            ],
            "fov": 39.597755335771296,
            "aspect": 1
        },
        {
            "camera_to_world": [
                -0.20009693023738936,
                -0.5589138329031577,
                0.8047214088733283,
                3.2439358082301313,
                0.9797761063169348,
                -0.11414540680272353,
                0.16434599963573013,
                0.6624999251655811,
                0.0,
                0.8213319386796925,
                0.5704505644704525,
                2.299559813503211,
                0.0,
                0.0,
                0.0,
                1.0
            ],
            "fov": 39.597755335771296,
            "aspect": 1
        },
        {
            "camera_to_world": [
                0.9811868432224701,
                -0.1513408736291646,
                0.11986792171504927,
                0.48320305539526487,
                0.1930605570465494,
                0.7691559390400342,
                -0.6092017422433387,
                -2.4557708100076474,
                -0.0,
                0.62088250209569,
                0.7839036411392637,
                3.1600167010020788,
                0.0,
                0.0,
                0.0,
                1.0
            ],
            "fov": 39.597755335771296,
            "aspect": 1
        },
        {
            "camera_to_world": [
                0.3203832768206525,
                0.9457737250179533,
                -0.05354079752231826,
                -0.21582986157534528,
                -0.9472880005223655,
                0.31987113210030843,
                -0.01810808977241594,
                -0.0729960458161893,
                0.0,
                0.056520084169538846,
                0.9984014623814752,
                4.024685088648374,
                0.0,
                0.0,
                0.0,
                1.0
            ],
            "fov": 39.597755335771296,
            "aspect": 1
        },
        {
            "camera_to_world": [
                -0.9979222201055302,
                0.02896639710009727,
                -0.05755163298021396,
                -0.2319980567038969,
                -0.06443013751071601,
                -0.44864425902831234,
                0.8913849259558335,
                3.593287625183413,
                0.0,
                0.8932408839053305,
                0.4495783839554833,
                1.8123084613360834,
                0.0,
                0.0,
                0.0,
                1.0
            ],
            "fov": 39.597755335771296,
            "aspect": 1
        },
        {
            "camera_to_world": [
                -0.002141904477085573,
                -0.511445102365052,
                0.8593132836818087,
                3.4640026979349656,
                0.9999977061199745,
                -0.0010954690674138063,
                0.001840571191586663,
                0.007419579906969553,
                0.0,
                0.8593152548479074,
                0.5114462755614475,
                2.0617059133577422,
                0.0,
                0.0,
                0.0,
                1.0
            ],
            "fov": 39.597755335771296,
            "aspect": 1
        },
        {
            "camera_to_world": [
                0.05267185638145937,
                -0.21125534257456788,
                0.976010684254549,
                3.9344249736083556,
                0.9986118743262223,
                0.011142678502006923,
                -0.05147975495736158,
                -0.20752153312151403,
                -0.0,
                0.9773673930255209,
                0.21154899917157988,
                0.8527813054815316,
                0.0,
                0.0,
                0.0,
                1.0
            ],
            "fov": 39.597755335771296,
            "aspect": 1
        },
        {
            "camera_to_world": [
                0.9985745866275406,
                0.05320608466623711,
                -0.004231724958636654,
                -0.017058629200784013,
                -0.053374103661198276,
                0.9954311240318231,
                -0.07917122183663054,
                -0.31914940831107463,
                0.0,
                0.07928423464491863,
                0.9968520502746481,
                4.018439208571592,
                0.0,
                0.0,
                0.0,
                1.0
            ],
            "fov": 39.597755335771296,
            "aspect": 1
        },
        {
            "camera_to_world": [
                -0.643232788105425,
                -0.2646935174281073,
                0.7184628884901835,
                2.896216585216545,
                0.7656706735314612,
                -0.22236655404788389,
                0.6035739684038304,
                2.433084527677764,
                0.0,
                0.9383445302618895,
                0.34570152231020645,
                1.3935674319288203,
                0.0,
                0.0,
                0.0,
                1.0
            ],
            "fov": 39.597755335771296,
            "aspect": 1
        },
        {
            "camera_to_world": [
                0.727742919725165,
                0.400839253103835,
                -0.556523257340654,
                -2.2434170418403734,
                -0.6858500147917853,
                0.42532320784858163,
                -0.5905166602861431,
                -2.3804488342626198,
                0.0,
                0.8114358027820513,
                0.5844415607769934,
                2.3559593244534005,
                0.0,
                0.0,
                0.0,
                1.0
            ],
            "fov": 39.597755335771296,
            "aspect": 1
        },
        {
            "camera_to_world": [
                -0.6673795002850976,
                0.3351261015538656,
                -0.6650527036683044,
                -2.680913240285708,
                -0.7447178006461329,
                -0.3003235453663962,
                0.5959875548191798,
                2.402502715870685,
                0.0,
                0.8930264633009856,
                0.45000415091878165,
                1.8140247828890774,
                0.0,
                0.0,
                0.0,
                1.0
            ],
            "fov": 39.597755335771296,
            "aspect": 1
        },
        {
            "camera_to_world": [
                -0.9579122648891438,
                -0.15423831483933134,
                0.24210459518661326,
                0.9759548546900171,
                0.2870611307281962,
                -0.5146874922621368,
                0.807893985949866,
                3.2567248756880973,
                0.0,
                0.8433903767203157,
                0.5373012864823272,
                2.1659307976762174,
                0.0,
                0.0,
                0.0,
                1.0
            ],
            "fov": 39.597755335771296,
            "aspect": 1
        },
        {
            "camera_to_world": [
                0.058099965621175316,
                -0.8989373663363467,
                0.434207329969326,
                1.750345759851919,
                0.998310770248833,
                0.05231660484511604,
                -0.025270117978785433,
                -0.10186710541770334,
                -0.0,
                0.4349420470151775,
                0.9004584475356134,
                3.62986416115579,
                0.0,
                0.0,
                0.0,
                1.0
            ],
            "fov": 39.597755335771296,
            "aspect": 1
        },
        {
            "camera_to_world": [
                0.9772664876051679,
                -0.0315623209483157,
                0.20965216931912178,
                0.845134939655222,
                0.21201465091794527,
                0.14548427856415058,
                -0.966376796330919,
                -3.8955895286166613,
